8.000000000000000167e-03
1.600000000000000033e-02
2.400000000000000050e-02
3.200000000000000067e-02
4.000000000000000083e-02
4.800000000000000100e-02
5.600000000000000117e-02
6.400000000000000133e-02
7.200000000000000844e-02
8.000000000000000167e-02
8.799999999999999489e-02
9.600000000000000200e-02
1.040000000000000091e-01
1.120000000000000023e-01
1.199999999999999956e-01
1.280000000000000027e-01
1.360000000000000098e-01
1.440000000000000169e-01
1.519999999999999962e-01
1.600000000000000033e-01
1.680000000000000104e-01
1.759999999999999898e-01
1.839999999999999969e-01
1.920000000000000040e-01
2.000000000000000111e-01
2.080000000000000182e-01
2.159999999999999976e-01
2.240000000000000047e-01
2.320000000000000118e-01
2.399999999999999911e-01
2.479999999999999982e-01
2.560000000000000053e-01
2.640000000000000124e-01
2.720000000000000195e-01
2.800000000000000266e-01
2.880000000000000338e-01
2.959999999999999853e-01
3.039999999999999925e-01
3.119999999999999996e-01
3.200000000000000067e-01
3.280000000000000138e-01
3.360000000000000209e-01
3.440000000000000280e-01
3.519999999999999796e-01
3.599999999999999867e-01
3.679999999999999938e-01
3.760000000000000009e-01
3.840000000000000080e-01
3.920000000000000151e-01
4.000000000000000222e-01
4.080000000000000293e-01
4.160000000000000364e-01
4.239999999999999880e-01
4.319999999999999951e-01
4.400000000000000022e-01
4.480000000000000093e-01
4.560000000000000164e-01
4.640000000000000235e-01
4.720000000000000306e-01
4.799999999999999822e-01
4.879999999999999893e-01
4.959999999999999964e-01
5.040000000000000036e-01
5.120000000000000107e-01
5.200000000000000178e-01
5.280000000000000249e-01
5.360000000000000320e-01
5.440000000000000391e-01
5.520000000000000462e-01
5.600000000000000533e-01
5.680000000000000604e-01
5.760000000000000675e-01
5.839999999999999636e-01
5.919999999999999707e-01
5.999999999999999778e-01
6.079999999999999849e-01
6.159999999999999920e-01
6.239999999999999991e-01
6.320000000000000062e-01
6.400000000000000133e-01
6.480000000000000204e-01
6.560000000000000275e-01
6.640000000000000346e-01
6.720000000000000417e-01
6.800000000000000488e-01
6.880000000000000560e-01
6.960000000000000631e-01
7.039999999999999591e-01
7.119999999999999662e-01
7.199999999999999734e-01
7.279999999999999805e-01
7.359999999999999876e-01
7.439999999999999947e-01
7.520000000000000018e-01
7.600000000000000089e-01
7.680000000000000160e-01
7.760000000000000231e-01
7.840000000000000302e-01
7.920000000000000373e-01
8.000000000000000444e-01
8.080000000000000515e-01
8.160000000000000586e-01
8.240000000000000657e-01
8.320000000000000728e-01
8.399999999999999689e-01
8.479999999999999760e-01
8.559999999999999831e-01
8.639999999999999902e-01
8.719999999999999973e-01
8.800000000000000044e-01
8.880000000000000115e-01
8.960000000000000187e-01
9.040000000000000258e-01
9.120000000000000329e-01
9.200000000000000400e-01
9.280000000000000471e-01
9.360000000000000542e-01
9.440000000000000613e-01
9.520000000000000684e-01
9.599999999999999645e-01
9.679999999999999716e-01
9.759999999999999787e-01
9.839999999999999858e-01
9.919999999999999929e-01
1.000000000000000000e+00
1.008000000000000007e+00
1.016000000000000014e+00
1.024000000000000021e+00
1.032000000000000028e+00
1.040000000000000036e+00
1.048000000000000043e+00
1.056000000000000050e+00
1.064000000000000057e+00
1.072000000000000064e+00
1.080000000000000071e+00
1.088000000000000078e+00
1.096000000000000085e+00
1.104000000000000092e+00
1.112000000000000099e+00
1.120000000000000107e+00
1.128000000000000114e+00
1.136000000000000121e+00
1.144000000000000128e+00
1.152000000000000135e+00
1.159999999999999920e+00
1.167999999999999927e+00
1.175999999999999934e+00
1.183999999999999941e+00
1.191999999999999948e+00
1.199999999999999956e+00
1.207999999999999963e+00
1.215999999999999970e+00
1.223999999999999977e+00
1.231999999999999984e+00
1.239999999999999991e+00
1.247999999999999998e+00
1.256000000000000005e+00
1.264000000000000012e+00
1.272000000000000020e+00
1.280000000000000027e+00
1.288000000000000034e+00
1.296000000000000041e+00
1.304000000000000048e+00
1.312000000000000055e+00
1.320000000000000062e+00
1.328000000000000069e+00
1.336000000000000076e+00
1.344000000000000083e+00
1.352000000000000091e+00
1.360000000000000098e+00
1.368000000000000105e+00
1.376000000000000112e+00
1.384000000000000119e+00
1.392000000000000126e+00
1.400000000000000133e+00
1.407999999999999918e+00
1.415999999999999925e+00
1.423999999999999932e+00
1.431999999999999940e+00
1.439999999999999947e+00
1.447999999999999954e+00
1.455999999999999961e+00
1.463999999999999968e+00
1.471999999999999975e+00
1.479999999999999982e+00
1.487999999999999989e+00
1.495999999999999996e+00
1.504000000000000004e+00
1.512000000000000011e+00
1.520000000000000018e+00
1.528000000000000025e+00
1.536000000000000032e+00
1.544000000000000039e+00
1.552000000000000046e+00
1.560000000000000053e+00
1.568000000000000060e+00
1.576000000000000068e+00
1.584000000000000075e+00
1.592000000000000082e+00
1.600000000000000089e+00
1.608000000000000096e+00
1.616000000000000103e+00
1.624000000000000110e+00
1.632000000000000117e+00
1.640000000000000124e+00
1.648000000000000131e+00
1.656000000000000139e+00
1.664000000000000146e+00
1.671999999999999931e+00
1.679999999999999938e+00
1.687999999999999945e+00
1.695999999999999952e+00
1.703999999999999959e+00
1.711999999999999966e+00
1.719999999999999973e+00
1.727999999999999980e+00
1.735999999999999988e+00
1.743999999999999995e+00
1.752000000000000002e+00
1.760000000000000009e+00
1.768000000000000016e+00
1.776000000000000023e+00
1.784000000000000030e+00
1.792000000000000037e+00
1.800000000000000044e+00
1.808000000000000052e+00
1.816000000000000059e+00
1.824000000000000066e+00
1.832000000000000073e+00
1.840000000000000080e+00
1.848000000000000087e+00
1.856000000000000094e+00
1.864000000000000101e+00
1.872000000000000108e+00
1.880000000000000115e+00
1.888000000000000123e+00
1.896000000000000130e+00
1.904000000000000137e+00
1.912000000000000144e+00
1.919999999999999929e+00
1.927999999999999936e+00
1.935999999999999943e+00
1.943999999999999950e+00
1.951999999999999957e+00
1.959999999999999964e+00
1.967999999999999972e+00
1.975999999999999979e+00
1.983999999999999986e+00
1.991999999999999993e+00
2.000000000000000000e+00
2.008000000000000007e+00
2.016000000000000014e+00
2.024000000000000021e+00
2.032000000000000028e+00
2.040000000000000036e+00
2.048000000000000043e+00
2.056000000000000050e+00
2.064000000000000057e+00
2.072000000000000064e+00
2.080000000000000071e+00
2.088000000000000078e+00
2.096000000000000085e+00
2.104000000000000092e+00
2.112000000000000099e+00
2.120000000000000107e+00
2.128000000000000114e+00
2.136000000000000121e+00
2.144000000000000128e+00
2.152000000000000135e+00
2.160000000000000142e+00
2.168000000000000149e+00
2.176000000000000156e+00
2.184000000000000163e+00
2.192000000000000171e+00
2.200000000000000178e+00
2.208000000000000185e+00
2.216000000000000192e+00
2.224000000000000199e+00
2.232000000000000206e+00
2.240000000000000213e+00
2.248000000000000220e+00
2.256000000000000227e+00
2.264000000000000234e+00
2.272000000000000242e+00
2.280000000000000249e+00
2.288000000000000256e+00
2.296000000000000263e+00
2.304000000000000270e+00
2.311999999999999833e+00
2.319999999999999840e+00
2.327999999999999847e+00
2.335999999999999854e+00
2.343999999999999861e+00
2.351999999999999869e+00
2.359999999999999876e+00
2.367999999999999883e+00
2.375999999999999890e+00
2.383999999999999897e+00
2.391999999999999904e+00
2.399999999999999911e+00
2.407999999999999918e+00
2.415999999999999925e+00
2.423999999999999932e+00
2.431999999999999940e+00
2.439999999999999947e+00
2.447999999999999954e+00
2.455999999999999961e+00
2.463999999999999968e+00
2.471999999999999975e+00
2.479999999999999982e+00
2.487999999999999989e+00
2.495999999999999996e+00
2.504000000000000004e+00
2.512000000000000011e+00
2.520000000000000018e+00
2.528000000000000025e+00
2.536000000000000032e+00
2.544000000000000039e+00
2.552000000000000046e+00
2.560000000000000053e+00
2.568000000000000060e+00
2.576000000000000068e+00
2.584000000000000075e+00
2.592000000000000082e+00
2.600000000000000089e+00
2.608000000000000096e+00
2.616000000000000103e+00
2.624000000000000110e+00
2.632000000000000117e+00
2.640000000000000124e+00
2.648000000000000131e+00
2.656000000000000139e+00
2.664000000000000146e+00
2.672000000000000153e+00
2.680000000000000160e+00
2.688000000000000167e+00
2.696000000000000174e+00
2.704000000000000181e+00
2.712000000000000188e+00
2.720000000000000195e+00
2.728000000000000203e+00
2.736000000000000210e+00
2.744000000000000217e+00
2.752000000000000224e+00
2.760000000000000231e+00
2.768000000000000238e+00
2.776000000000000245e+00
2.784000000000000252e+00
2.792000000000000259e+00
2.800000000000000266e+00
2.808000000000000274e+00
2.815999999999999837e+00
2.823999999999999844e+00
2.831999999999999851e+00
2.839999999999999858e+00
2.847999999999999865e+00
2.855999999999999872e+00
2.863999999999999879e+00
2.871999999999999886e+00
2.879999999999999893e+00
2.887999999999999901e+00
2.895999999999999908e+00
2.903999999999999915e+00
2.911999999999999922e+00
2.919999999999999929e+00
2.927999999999999936e+00
2.935999999999999943e+00
2.943999999999999950e+00
2.951999999999999957e+00
2.959999999999999964e+00
2.967999999999999972e+00
2.975999999999999979e+00
2.983999999999999986e+00
2.991999999999999993e+00
3.000000000000000000e+00
3.008000000000000007e+00
3.016000000000000014e+00
3.024000000000000021e+00
3.032000000000000028e+00
3.040000000000000036e+00
3.048000000000000043e+00
3.056000000000000050e+00
3.064000000000000057e+00
3.072000000000000064e+00
3.080000000000000071e+00
3.088000000000000078e+00
3.096000000000000085e+00
3.104000000000000092e+00
3.112000000000000099e+00
3.120000000000000107e+00
3.128000000000000114e+00
3.136000000000000121e+00
3.144000000000000128e+00
3.152000000000000135e+00
3.160000000000000142e+00
3.168000000000000149e+00
3.176000000000000156e+00
3.184000000000000163e+00
3.192000000000000171e+00
3.200000000000000178e+00
3.208000000000000185e+00
3.216000000000000192e+00
3.224000000000000199e+00
3.232000000000000206e+00
3.240000000000000213e+00
3.248000000000000220e+00
3.256000000000000227e+00
3.264000000000000234e+00
3.272000000000000242e+00
3.280000000000000249e+00
3.288000000000000256e+00
3.296000000000000263e+00
3.304000000000000270e+00
3.312000000000000277e+00
3.320000000000000284e+00
3.328000000000000291e+00
3.335999999999999854e+00
3.343999999999999861e+00
3.351999999999999869e+00
3.359999999999999876e+00
3.367999999999999883e+00
3.375999999999999890e+00
3.383999999999999897e+00
3.391999999999999904e+00
3.399999999999999911e+00
3.407999999999999918e+00
3.415999999999999925e+00
3.423999999999999932e+00
3.431999999999999940e+00
3.439999999999999947e+00
3.447999999999999954e+00
3.455999999999999961e+00
3.463999999999999968e+00
3.471999999999999975e+00
3.479999999999999982e+00
3.487999999999999989e+00
3.495999999999999996e+00
3.504000000000000004e+00
3.512000000000000011e+00
3.520000000000000018e+00
3.528000000000000025e+00
3.536000000000000032e+00
3.544000000000000039e+00
3.552000000000000046e+00
3.560000000000000053e+00
3.568000000000000060e+00
3.576000000000000068e+00
3.584000000000000075e+00
3.592000000000000082e+00
3.600000000000000089e+00
3.608000000000000096e+00
3.616000000000000103e+00
3.624000000000000110e+00
3.632000000000000117e+00
3.640000000000000124e+00
3.648000000000000131e+00
3.656000000000000139e+00
3.664000000000000146e+00
3.672000000000000153e+00
3.680000000000000160e+00
3.688000000000000167e+00
3.696000000000000174e+00
3.704000000000000181e+00
3.712000000000000188e+00
3.720000000000000195e+00
3.728000000000000203e+00
3.736000000000000210e+00
3.744000000000000217e+00
3.752000000000000224e+00
3.760000000000000231e+00
3.768000000000000238e+00
3.776000000000000245e+00
3.784000000000000252e+00
3.792000000000000259e+00
3.800000000000000266e+00
3.808000000000000274e+00
3.816000000000000281e+00
3.824000000000000288e+00
3.832000000000000295e+00
3.839999999999999858e+00
3.847999999999999865e+00
3.855999999999999872e+00
3.863999999999999879e+00
3.871999999999999886e+00
3.879999999999999893e+00
3.887999999999999901e+00
3.895999999999999908e+00
3.903999999999999915e+00
3.911999999999999922e+00
3.919999999999999929e+00
3.927999999999999936e+00
3.935999999999999943e+00
3.943999999999999950e+00
3.951999999999999957e+00
3.959999999999999964e+00
3.967999999999999972e+00
3.975999999999999979e+00
3.983999999999999986e+00
3.991999999999999993e+00
4.000000000000000000e+00
4.008000000000000007e+00
4.016000000000000014e+00
4.024000000000000021e+00
4.032000000000000028e+00
4.040000000000000036e+00
4.048000000000000043e+00
4.056000000000000050e+00
4.064000000000000057e+00
4.072000000000000064e+00
4.080000000000000071e+00
4.088000000000000078e+00
4.096000000000000085e+00
4.104000000000000092e+00
4.112000000000000099e+00
4.120000000000000107e+00
4.128000000000000114e+00
4.136000000000000121e+00
4.144000000000000128e+00
4.152000000000000135e+00
4.160000000000000142e+00
4.168000000000000149e+00
4.176000000000000156e+00
4.184000000000000163e+00
4.192000000000000171e+00
4.200000000000000178e+00
4.208000000000000185e+00
4.216000000000000192e+00
4.224000000000000199e+00
4.232000000000000206e+00
4.240000000000000213e+00
4.248000000000000220e+00
4.256000000000000227e+00
4.264000000000000234e+00
4.272000000000000242e+00
4.280000000000000249e+00
4.288000000000000256e+00
4.296000000000000263e+00
4.304000000000000270e+00
4.312000000000000277e+00
4.320000000000000284e+00
4.328000000000000291e+00
4.336000000000000298e+00
4.344000000000000306e+00
4.352000000000000313e+00
4.360000000000000320e+00
4.368000000000000327e+00
4.376000000000000334e+00
4.384000000000000341e+00
4.392000000000000348e+00
4.400000000000000355e+00
4.408000000000000362e+00
4.416000000000000369e+00
4.424000000000000377e+00
4.432000000000000384e+00
4.440000000000000391e+00
4.448000000000000398e+00
4.456000000000000405e+00
4.464000000000000412e+00
4.472000000000000419e+00
4.480000000000000426e+00
4.488000000000000433e+00
4.496000000000000441e+00
4.504000000000000448e+00
4.512000000000000455e+00
4.520000000000000462e+00
4.528000000000000469e+00
4.536000000000000476e+00
4.544000000000000483e+00
4.552000000000000490e+00
4.560000000000000497e+00
4.568000000000000504e+00
4.576000000000000512e+00
4.584000000000000519e+00
4.592000000000000526e+00
4.600000000000000533e+00
4.608000000000000540e+00
4.615999999999999659e+00
4.623999999999999666e+00
4.631999999999999673e+00
4.639999999999999680e+00
4.647999999999999687e+00
4.655999999999999694e+00
4.663999999999999702e+00
4.671999999999999709e+00
4.679999999999999716e+00
4.687999999999999723e+00
4.695999999999999730e+00
4.703999999999999737e+00
4.711999999999999744e+00
4.719999999999999751e+00
4.727999999999999758e+00
4.735999999999999766e+00
4.743999999999999773e+00
4.751999999999999780e+00
4.759999999999999787e+00
4.767999999999999794e+00
4.775999999999999801e+00
4.783999999999999808e+00
4.791999999999999815e+00
4.799999999999999822e+00
4.807999999999999829e+00
4.815999999999999837e+00
4.823999999999999844e+00
4.831999999999999851e+00
4.839999999999999858e+00
4.847999999999999865e+00
4.855999999999999872e+00
4.863999999999999879e+00
4.871999999999999886e+00
4.879999999999999893e+00
4.887999999999999901e+00
4.895999999999999908e+00
4.903999999999999915e+00
4.911999999999999922e+00
4.919999999999999929e+00
4.927999999999999936e+00
4.935999999999999943e+00
4.943999999999999950e+00
4.951999999999999957e+00
4.959999999999999964e+00
4.967999999999999972e+00
4.975999999999999979e+00
4.983999999999999986e+00
4.991999999999999993e+00
5.000000000000000000e+00
5.008000000000000007e+00
5.016000000000000014e+00
5.024000000000000021e+00
5.032000000000000028e+00
5.040000000000000036e+00
5.048000000000000043e+00
5.056000000000000050e+00
5.064000000000000057e+00
5.072000000000000064e+00
5.080000000000000071e+00
5.088000000000000078e+00
5.096000000000000085e+00
5.104000000000000092e+00
5.112000000000000099e+00
5.120000000000000107e+00
5.128000000000000114e+00
5.136000000000000121e+00
5.144000000000000128e+00
5.152000000000000135e+00
5.160000000000000142e+00
5.168000000000000149e+00
5.176000000000000156e+00
5.184000000000000163e+00
5.192000000000000171e+00
5.200000000000000178e+00
5.208000000000000185e+00
5.216000000000000192e+00
5.224000000000000199e+00
5.232000000000000206e+00
5.240000000000000213e+00
5.248000000000000220e+00
5.256000000000000227e+00
5.264000000000000234e+00
5.272000000000000242e+00
5.280000000000000249e+00
5.288000000000000256e+00
5.296000000000000263e+00
5.304000000000000270e+00
5.312000000000000277e+00
5.320000000000000284e+00
5.328000000000000291e+00
5.336000000000000298e+00
5.344000000000000306e+00
5.352000000000000313e+00
5.360000000000000320e+00
5.368000000000000327e+00
5.376000000000000334e+00
5.384000000000000341e+00
5.392000000000000348e+00
5.400000000000000355e+00
5.408000000000000362e+00
5.416000000000000369e+00
5.424000000000000377e+00
5.432000000000000384e+00
5.440000000000000391e+00
5.448000000000000398e+00
5.456000000000000405e+00
5.464000000000000412e+00
5.472000000000000419e+00
5.480000000000000426e+00
5.488000000000000433e+00
5.496000000000000441e+00
5.504000000000000448e+00
5.512000000000000455e+00
5.520000000000000462e+00
5.528000000000000469e+00
5.536000000000000476e+00
5.544000000000000483e+00
5.552000000000000490e+00
5.560000000000000497e+00
5.568000000000000504e+00
5.576000000000000512e+00
5.584000000000000519e+00
5.592000000000000526e+00
5.600000000000000533e+00
5.608000000000000540e+00
5.616000000000000547e+00
5.624000000000000554e+00
5.631999999999999673e+00
5.639999999999999680e+00
5.647999999999999687e+00
5.655999999999999694e+00
5.663999999999999702e+00
5.671999999999999709e+00
5.679999999999999716e+00
5.687999999999999723e+00
5.695999999999999730e+00
5.703999999999999737e+00
5.711999999999999744e+00
5.719999999999999751e+00
5.727999999999999758e+00
5.735999999999999766e+00
5.743999999999999773e+00
5.751999999999999780e+00
5.759999999999999787e+00
5.767999999999999794e+00
5.775999999999999801e+00
5.783999999999999808e+00
5.791999999999999815e+00
5.799999999999999822e+00
5.807999999999999829e+00
5.815999999999999837e+00
5.823999999999999844e+00
5.831999999999999851e+00
5.839999999999999858e+00
5.847999999999999865e+00
5.855999999999999872e+00
5.863999999999999879e+00
5.871999999999999886e+00
5.879999999999999893e+00
5.887999999999999901e+00
5.895999999999999908e+00
5.903999999999999915e+00
5.911999999999999922e+00
5.919999999999999929e+00
5.927999999999999936e+00
5.935999999999999943e+00
5.943999999999999950e+00
5.951999999999999957e+00
5.959999999999999964e+00
5.967999999999999972e+00
5.975999999999999979e+00
5.983999999999999986e+00
5.991999999999999993e+00
6.000000000000000000e+00
6.008000000000000007e+00
6.016000000000000014e+00
6.024000000000000021e+00
6.032000000000000028e+00
6.040000000000000036e+00
6.048000000000000043e+00
6.056000000000000050e+00
6.064000000000000057e+00
6.072000000000000064e+00
6.080000000000000071e+00
6.088000000000000078e+00
6.096000000000000085e+00
6.104000000000000092e+00
6.112000000000000099e+00
6.120000000000000107e+00
6.128000000000000114e+00
6.136000000000000121e+00
6.144000000000000128e+00
6.152000000000000135e+00
6.160000000000000142e+00
6.168000000000000149e+00
6.176000000000000156e+00
6.184000000000000163e+00
6.192000000000000171e+00
6.200000000000000178e+00
6.208000000000000185e+00
6.216000000000000192e+00
6.224000000000000199e+00
6.232000000000000206e+00
6.240000000000000213e+00
6.248000000000000220e+00
6.256000000000000227e+00
6.264000000000000234e+00
6.272000000000000242e+00
6.280000000000000249e+00
6.288000000000000256e+00
6.296000000000000263e+00
6.304000000000000270e+00
6.312000000000000277e+00
6.320000000000000284e+00
6.328000000000000291e+00
6.336000000000000298e+00
6.344000000000000306e+00
6.352000000000000313e+00
6.360000000000000320e+00
6.368000000000000327e+00
6.376000000000000334e+00
6.384000000000000341e+00
6.392000000000000348e+00
6.400000000000000355e+00
6.408000000000000362e+00
6.416000000000000369e+00
6.424000000000000377e+00
6.432000000000000384e+00
6.440000000000000391e+00
6.448000000000000398e+00
6.456000000000000405e+00
6.464000000000000412e+00
6.472000000000000419e+00
6.480000000000000426e+00
6.488000000000000433e+00
6.496000000000000441e+00
6.504000000000000448e+00
6.512000000000000455e+00
6.520000000000000462e+00
6.528000000000000469e+00
6.536000000000000476e+00
6.544000000000000483e+00
6.552000000000000490e+00
6.560000000000000497e+00
6.568000000000000504e+00
6.576000000000000512e+00
6.584000000000000519e+00
6.592000000000000526e+00
6.600000000000000533e+00
6.608000000000000540e+00
6.616000000000000547e+00
6.624000000000000554e+00
6.632000000000000561e+00
6.640000000000000568e+00
6.648000000000000576e+00
6.656000000000000583e+00
6.663999999999999702e+00
6.671999999999999709e+00
6.679999999999999716e+00
6.687999999999999723e+00
6.695999999999999730e+00
6.703999999999999737e+00
6.711999999999999744e+00
6.719999999999999751e+00
6.727999999999999758e+00
6.735999999999999766e+00
6.743999999999999773e+00
6.751999999999999780e+00
6.759999999999999787e+00
6.767999999999999794e+00
6.775999999999999801e+00
6.783999999999999808e+00
6.791999999999999815e+00
6.799999999999999822e+00
6.807999999999999829e+00
6.815999999999999837e+00
6.823999999999999844e+00
6.831999999999999851e+00
6.839999999999999858e+00
6.847999999999999865e+00
6.855999999999999872e+00
6.863999999999999879e+00
6.871999999999999886e+00
6.879999999999999893e+00
6.887999999999999901e+00
6.895999999999999908e+00
6.903999999999999915e+00
6.911999999999999922e+00
6.919999999999999929e+00
6.927999999999999936e+00
6.935999999999999943e+00
6.943999999999999950e+00
6.951999999999999957e+00
6.959999999999999964e+00
6.967999999999999972e+00
6.975999999999999979e+00
6.983999999999999986e+00
6.991999999999999993e+00
7.000000000000000000e+00
7.008000000000000007e+00
7.016000000000000014e+00
7.024000000000000021e+00
7.032000000000000028e+00
7.040000000000000036e+00
7.048000000000000043e+00
7.056000000000000050e+00
7.064000000000000057e+00
7.072000000000000064e+00
7.080000000000000071e+00
7.088000000000000078e+00
7.096000000000000085e+00
7.104000000000000092e+00
7.112000000000000099e+00
7.120000000000000107e+00
7.128000000000000114e+00
7.136000000000000121e+00
7.144000000000000128e+00
7.152000000000000135e+00
7.160000000000000142e+00
7.168000000000000149e+00
7.176000000000000156e+00
7.184000000000000163e+00
7.192000000000000171e+00
7.200000000000000178e+00
7.208000000000000185e+00
7.216000000000000192e+00
7.224000000000000199e+00
7.232000000000000206e+00
7.240000000000000213e+00
7.248000000000000220e+00
7.256000000000000227e+00
7.264000000000000234e+00
7.272000000000000242e+00
7.280000000000000249e+00
7.288000000000000256e+00
7.296000000000000263e+00
7.304000000000000270e+00
7.312000000000000277e+00
7.320000000000000284e+00
7.328000000000000291e+00
7.336000000000000298e+00
7.344000000000000306e+00
7.352000000000000313e+00
7.360000000000000320e+00
7.368000000000000327e+00
7.376000000000000334e+00
7.384000000000000341e+00
7.392000000000000348e+00
7.400000000000000355e+00
7.408000000000000362e+00
7.416000000000000369e+00
7.424000000000000377e+00
7.432000000000000384e+00
7.440000000000000391e+00
7.448000000000000398e+00
7.456000000000000405e+00
7.464000000000000412e+00
7.472000000000000419e+00
7.480000000000000426e+00
7.488000000000000433e+00
7.496000000000000441e+00
7.504000000000000448e+00
7.512000000000000455e+00
7.520000000000000462e+00
7.528000000000000469e+00
7.536000000000000476e+00
7.544000000000000483e+00
7.552000000000000490e+00
7.560000000000000497e+00
7.568000000000000504e+00
7.576000000000000512e+00
7.584000000000000519e+00
7.592000000000000526e+00
7.600000000000000533e+00
7.608000000000000540e+00
7.616000000000000547e+00
7.624000000000000554e+00
7.632000000000000561e+00
7.640000000000000568e+00
7.648000000000000576e+00
7.656000000000000583e+00
7.664000000000000590e+00
7.672000000000000597e+00
7.679999999999999716e+00
7.687999999999999723e+00
7.695999999999999730e+00
7.703999999999999737e+00
7.711999999999999744e+00
7.719999999999999751e+00
7.727999999999999758e+00
7.735999999999999766e+00
7.743999999999999773e+00
7.751999999999999780e+00
7.759999999999999787e+00
7.767999999999999794e+00
7.775999999999999801e+00
7.783999999999999808e+00
7.791999999999999815e+00
7.799999999999999822e+00
7.807999999999999829e+00
7.815999999999999837e+00
7.823999999999999844e+00
7.831999999999999851e+00
7.839999999999999858e+00
7.847999999999999865e+00
7.855999999999999872e+00
7.863999999999999879e+00
7.871999999999999886e+00
7.879999999999999893e+00
7.887999999999999901e+00
7.895999999999999908e+00
7.903999999999999915e+00
7.911999999999999922e+00
7.919999999999999929e+00
7.927999999999999936e+00
7.935999999999999943e+00
7.943999999999999950e+00
7.951999999999999957e+00
7.959999999999999964e+00
7.967999999999999972e+00
7.975999999999999979e+00
7.983999999999999986e+00
7.991999999999999993e+00
8.000000000000000000e+00
8.008000000000000895e+00
8.016000000000000014e+00
8.024000000000000909e+00
8.032000000000000028e+00
8.040000000000000924e+00
8.048000000000000043e+00
8.056000000000000938e+00
8.064000000000000057e+00
8.072000000000000952e+00
8.080000000000000071e+00
8.088000000000000966e+00
8.096000000000000085e+00
8.104000000000000981e+00
8.112000000000000099e+00
8.120000000000000995e+00
8.128000000000000114e+00
8.136000000000001009e+00
8.144000000000000128e+00
8.152000000000001023e+00
8.160000000000000142e+00
8.168000000000001037e+00
8.176000000000000156e+00
8.184000000000001052e+00
8.192000000000000171e+00
8.199999999999999289e+00
8.208000000000000185e+00
8.215999999999999304e+00
8.224000000000000199e+00
8.231999999999999318e+00
8.240000000000000213e+00
8.247999999999999332e+00
8.256000000000000227e+00
8.263999999999999346e+00
8.272000000000000242e+00
8.279999999999999361e+00
8.288000000000000256e+00
8.295999999999999375e+00
8.304000000000000270e+00
8.311999999999999389e+00
8.320000000000000284e+00
8.327999999999999403e+00
8.336000000000000298e+00
8.343999999999999417e+00
8.352000000000000313e+00
8.359999999999999432e+00
8.368000000000000327e+00
8.375999999999999446e+00
8.384000000000000341e+00
8.391999999999999460e+00
8.400000000000000355e+00
8.407999999999999474e+00
8.416000000000000369e+00
8.423999999999999488e+00
8.432000000000000384e+00
8.439999999999999503e+00
8.448000000000000398e+00
8.455999999999999517e+00
8.464000000000000412e+00
8.471999999999999531e+00
8.480000000000000426e+00
8.487999999999999545e+00
8.496000000000000441e+00
8.503999999999999559e+00
8.512000000000000455e+00
8.519999999999999574e+00
8.528000000000000469e+00
8.535999999999999588e+00
8.544000000000000483e+00
8.551999999999999602e+00
8.560000000000000497e+00
8.567999999999999616e+00
8.576000000000000512e+00
8.583999999999999631e+00
8.592000000000000526e+00
8.599999999999999645e+00
8.608000000000000540e+00
8.615999999999999659e+00
8.624000000000000554e+00
8.631999999999999673e+00
8.640000000000000568e+00
8.647999999999999687e+00
8.656000000000000583e+00
8.663999999999999702e+00
8.672000000000000597e+00
8.679999999999999716e+00
8.688000000000000611e+00
8.695999999999999730e+00
8.704000000000000625e+00
8.711999999999999744e+00
8.720000000000000639e+00
8.727999999999999758e+00
8.736000000000000654e+00
8.743999999999999773e+00
8.752000000000000668e+00
8.759999999999999787e+00
8.768000000000000682e+00
8.775999999999999801e+00
8.784000000000000696e+00
8.791999999999999815e+00
8.800000000000000711e+00
8.807999999999999829e+00
8.816000000000000725e+00
8.823999999999999844e+00
8.832000000000000739e+00
8.839999999999999858e+00
8.848000000000000753e+00
8.855999999999999872e+00
8.864000000000000767e+00
8.871999999999999886e+00
8.880000000000000782e+00
8.887999999999999901e+00
8.896000000000000796e+00
8.903999999999999915e+00
8.912000000000000810e+00
8.919999999999999929e+00
8.928000000000000824e+00
8.935999999999999943e+00
8.944000000000000838e+00
8.951999999999999957e+00
8.960000000000000853e+00
8.967999999999999972e+00
8.976000000000000867e+00
8.983999999999999986e+00
8.992000000000000881e+00
9.000000000000000000e+00
9.008000000000000895e+00
9.016000000000000014e+00
9.024000000000000909e+00
9.032000000000000028e+00
9.040000000000000924e+00
9.048000000000000043e+00
9.056000000000000938e+00
9.064000000000000057e+00
9.072000000000000952e+00
9.080000000000000071e+00
9.088000000000000966e+00
9.096000000000000085e+00
9.104000000000000981e+00
9.112000000000000099e+00
9.120000000000000995e+00
9.128000000000000114e+00
9.136000000000001009e+00
9.144000000000000128e+00
9.152000000000001023e+00
9.160000000000000142e+00
9.168000000000001037e+00
9.176000000000000156e+00
9.184000000000001052e+00
9.192000000000000171e+00
9.200000000000001066e+00
9.208000000000000185e+00
9.216000000000001080e+00
9.224000000000000199e+00
9.231999999999999318e+00
9.240000000000000213e+00
9.247999999999999332e+00
9.256000000000000227e+00
9.263999999999999346e+00
9.272000000000000242e+00
9.279999999999999361e+00
9.288000000000000256e+00
9.295999999999999375e+00
9.304000000000000270e+00
9.311999999999999389e+00
9.320000000000000284e+00
9.327999999999999403e+00
9.336000000000000298e+00
9.343999999999999417e+00
9.352000000000000313e+00
9.359999999999999432e+00
9.368000000000000327e+00
9.375999999999999446e+00
9.384000000000000341e+00
9.391999999999999460e+00
9.400000000000000355e+00
9.407999999999999474e+00
9.416000000000000369e+00
9.423999999999999488e+00
9.432000000000000384e+00
9.439999999999999503e+00
9.448000000000000398e+00
9.455999999999999517e+00
9.464000000000000412e+00
9.471999999999999531e+00
9.480000000000000426e+00
9.487999999999999545e+00
9.496000000000000441e+00
9.503999999999999559e+00
9.512000000000000455e+00
9.519999999999999574e+00
9.528000000000000469e+00
9.535999999999999588e+00
9.544000000000000483e+00
9.551999999999999602e+00
9.560000000000000497e+00
9.567999999999999616e+00
9.576000000000000512e+00
9.583999999999999631e+00
9.592000000000000526e+00
9.599999999999999645e+00
9.608000000000000540e+00
9.615999999999999659e+00
9.624000000000000554e+00
9.631999999999999673e+00
9.640000000000000568e+00
9.647999999999999687e+00
9.656000000000000583e+00
9.663999999999999702e+00
9.672000000000000597e+00
9.679999999999999716e+00
9.688000000000000611e+00
9.695999999999999730e+00
9.704000000000000625e+00
9.711999999999999744e+00
9.720000000000000639e+00
9.727999999999999758e+00
9.736000000000000654e+00
9.743999999999999773e+00
9.752000000000000668e+00
9.759999999999999787e+00
9.768000000000000682e+00
9.775999999999999801e+00
9.784000000000000696e+00
9.791999999999999815e+00
9.800000000000000711e+00
9.807999999999999829e+00
9.816000000000000725e+00
9.823999999999999844e+00
9.832000000000000739e+00
9.839999999999999858e+00
9.848000000000000753e+00
9.855999999999999872e+00
9.864000000000000767e+00
9.871999999999999886e+00
9.880000000000000782e+00
9.887999999999999901e+00
9.896000000000000796e+00
9.903999999999999915e+00
9.912000000000000810e+00
9.919999999999999929e+00
9.928000000000000824e+00
9.935999999999999943e+00
9.944000000000000838e+00
9.951999999999999957e+00
9.960000000000000853e+00
9.967999999999999972e+00
9.976000000000000867e+00
9.983999999999999986e+00
9.992000000000000881e+00
1.000000000000000000e+01
1.000800000000000090e+01
1.001600000000000001e+01
1.002400000000000091e+01
1.003200000000000003e+01
1.004000000000000092e+01
1.004800000000000004e+01
1.005600000000000094e+01
1.006400000000000006e+01
1.007200000000000095e+01
1.008000000000000007e+01
1.008800000000000097e+01
1.009600000000000009e+01
1.010400000000000098e+01
1.011200000000000010e+01
1.012000000000000099e+01
1.012800000000000011e+01
1.013600000000000101e+01
1.014400000000000013e+01
1.015200000000000102e+01
1.016000000000000014e+01
1.016800000000000104e+01
1.017600000000000016e+01
1.018400000000000105e+01
1.019200000000000017e+01
1.020000000000000107e+01
1.020800000000000018e+01
1.021600000000000108e+01
1.022400000000000020e+01
1.023200000000000109e+01
1.024000000000000021e+01
1.024799999999999933e+01
1.025600000000000023e+01
1.026399999999999935e+01
1.027200000000000024e+01
1.027999999999999936e+01
1.028800000000000026e+01
1.029599999999999937e+01
1.030400000000000027e+01
1.031199999999999939e+01
1.032000000000000028e+01
1.032799999999999940e+01
1.033600000000000030e+01
1.034399999999999942e+01
1.035200000000000031e+01
1.035999999999999943e+01
1.036800000000000033e+01
1.037599999999999945e+01
1.038400000000000034e+01
1.039199999999999946e+01
1.040000000000000036e+01
1.040799999999999947e+01
1.041600000000000037e+01
1.042399999999999949e+01
1.043200000000000038e+01
1.043999999999999950e+01
1.044800000000000040e+01
1.045599999999999952e+01
1.046400000000000041e+01
1.047199999999999953e+01
1.048000000000000043e+01
1.048799999999999955e+01
1.049600000000000044e+01
1.050399999999999956e+01
1.051200000000000045e+01
1.051999999999999957e+01
1.052800000000000047e+01
1.053599999999999959e+01
1.054400000000000048e+01
1.055199999999999960e+01
1.056000000000000050e+01
1.056799999999999962e+01
1.057600000000000051e+01
1.058399999999999963e+01
1.059200000000000053e+01
1.059999999999999964e+01
1.060800000000000054e+01
1.061599999999999966e+01
1.062400000000000055e+01
1.063199999999999967e+01
1.064000000000000057e+01
1.064799999999999969e+01
1.065600000000000058e+01
1.066399999999999970e+01
1.067200000000000060e+01
1.067999999999999972e+01
1.068800000000000061e+01
1.069599999999999973e+01
1.070400000000000063e+01
1.071199999999999974e+01
1.072000000000000064e+01
1.072799999999999976e+01
1.073600000000000065e+01
1.074399999999999977e+01
1.075200000000000067e+01
1.075999999999999979e+01
1.076800000000000068e+01
1.077599999999999980e+01
1.078400000000000070e+01
1.079199999999999982e+01
1.080000000000000071e+01
1.080799999999999983e+01
1.081600000000000072e+01
1.082399999999999984e+01
1.083200000000000074e+01
1.083999999999999986e+01
1.084800000000000075e+01
1.085599999999999987e+01
1.086400000000000077e+01
1.087199999999999989e+01
1.088000000000000078e+01
1.088799999999999990e+01
1.089600000000000080e+01
1.090399999999999991e+01
1.091200000000000081e+01
1.091999999999999993e+01
1.092800000000000082e+01
1.093599999999999994e+01
1.094400000000000084e+01
1.095199999999999996e+01
1.096000000000000085e+01
1.096799999999999997e+01
1.097600000000000087e+01
1.098399999999999999e+01
1.099200000000000088e+01
1.100000000000000000e+01
1.100800000000000090e+01
1.101600000000000001e+01
1.102400000000000091e+01
1.103200000000000003e+01
1.104000000000000092e+01
1.104800000000000004e+01
1.105600000000000094e+01
1.106400000000000006e+01
1.107200000000000095e+01
1.108000000000000007e+01
1.108800000000000097e+01
1.109600000000000009e+01
1.110400000000000098e+01
1.111200000000000010e+01
1.112000000000000099e+01
1.112800000000000011e+01
1.113600000000000101e+01
1.114400000000000013e+01
1.115200000000000102e+01
1.116000000000000014e+01
1.116800000000000104e+01
1.117600000000000016e+01
1.118400000000000105e+01
1.119200000000000017e+01
1.120000000000000107e+01
1.120800000000000018e+01
1.121600000000000108e+01
1.122400000000000020e+01
1.123200000000000109e+01
1.124000000000000021e+01
1.124800000000000111e+01
1.125600000000000023e+01
1.126399999999999935e+01
1.127200000000000024e+01
1.127999999999999936e+01
1.128800000000000026e+01
1.129599999999999937e+01
1.130400000000000027e+01
1.131199999999999939e+01
1.132000000000000028e+01
1.132799999999999940e+01
1.133600000000000030e+01
1.134399999999999942e+01
1.135200000000000031e+01
1.135999999999999943e+01
1.136800000000000033e+01
1.137599999999999945e+01
1.138400000000000034e+01
1.139199999999999946e+01
1.140000000000000036e+01
1.140799999999999947e+01
1.141600000000000037e+01
1.142399999999999949e+01
1.143200000000000038e+01
1.143999999999999950e+01
1.144800000000000040e+01
1.145599999999999952e+01
1.146400000000000041e+01
1.147199999999999953e+01
1.148000000000000043e+01
1.148799999999999955e+01
1.149600000000000044e+01
1.150399999999999956e+01
1.151200000000000045e+01
1.151999999999999957e+01
1.152800000000000047e+01
1.153599999999999959e+01
1.154400000000000048e+01
1.155199999999999960e+01
1.156000000000000050e+01
1.156799999999999962e+01
1.157600000000000051e+01
1.158399999999999963e+01
1.159200000000000053e+01
1.159999999999999964e+01
1.160800000000000054e+01
1.161599999999999966e+01
1.162400000000000055e+01
1.163199999999999967e+01
1.164000000000000057e+01
1.164799999999999969e+01
1.165600000000000058e+01
1.166399999999999970e+01
1.167200000000000060e+01
1.167999999999999972e+01
1.168800000000000061e+01
1.169599999999999973e+01
1.170400000000000063e+01
1.171199999999999974e+01
1.172000000000000064e+01
1.172799999999999976e+01
1.173600000000000065e+01
1.174399999999999977e+01
1.175200000000000067e+01
1.175999999999999979e+01
1.176800000000000068e+01
1.177599999999999980e+01
1.178400000000000070e+01
1.179199999999999982e+01
1.180000000000000071e+01
1.180799999999999983e+01
1.181600000000000072e+01
1.182399999999999984e+01
1.183200000000000074e+01
1.183999999999999986e+01
1.184800000000000075e+01
1.185599999999999987e+01
1.186400000000000077e+01
1.187199999999999989e+01
1.188000000000000078e+01
1.188799999999999990e+01
1.189600000000000080e+01
1.190399999999999991e+01
1.191200000000000081e+01
1.191999999999999993e+01
1.192800000000000082e+01
1.193599999999999994e+01
1.194400000000000084e+01
1.195199999999999996e+01
1.196000000000000085e+01
1.196799999999999997e+01
1.197600000000000087e+01
1.198399999999999999e+01
1.199200000000000088e+01
1.200000000000000000e+01
1.200800000000000090e+01
1.201600000000000001e+01
1.202400000000000091e+01
1.203200000000000003e+01
1.204000000000000092e+01
1.204800000000000004e+01
1.205600000000000094e+01
1.206400000000000006e+01
1.207200000000000095e+01
1.208000000000000007e+01
1.208800000000000097e+01
1.209600000000000009e+01
1.210400000000000098e+01
1.211200000000000010e+01
1.212000000000000099e+01
1.212800000000000011e+01
1.213600000000000101e+01
1.214400000000000013e+01
1.215200000000000102e+01
1.216000000000000014e+01
1.216800000000000104e+01
1.217600000000000016e+01
1.218400000000000105e+01
1.219200000000000017e+01
1.220000000000000107e+01
1.220800000000000018e+01
1.221600000000000108e+01
1.222400000000000020e+01
1.223200000000000109e+01
1.224000000000000021e+01
1.224800000000000111e+01
1.225600000000000023e+01
1.226400000000000112e+01
1.227200000000000024e+01
1.228000000000000114e+01
1.228800000000000026e+01
1.229599999999999937e+01
1.230400000000000027e+01
1.231199999999999939e+01
1.232000000000000028e+01
1.232799999999999940e+01
1.233600000000000030e+01
1.234399999999999942e+01
1.235200000000000031e+01
1.235999999999999943e+01
1.236800000000000033e+01
1.237599999999999945e+01
1.238400000000000034e+01
1.239199999999999946e+01
1.240000000000000036e+01
1.240799999999999947e+01
1.241600000000000037e+01
1.242399999999999949e+01
1.243200000000000038e+01
1.243999999999999950e+01
1.244800000000000040e+01
1.245599999999999952e+01
1.246400000000000041e+01
1.247199999999999953e+01
1.248000000000000043e+01
1.248799999999999955e+01
1.249600000000000044e+01
1.250399999999999956e+01
1.251200000000000045e+01
1.251999999999999957e+01
1.252800000000000047e+01
1.253599999999999959e+01
1.254400000000000048e+01
1.255199999999999960e+01
1.256000000000000050e+01
1.256799999999999962e+01
1.257600000000000051e+01
1.258399999999999963e+01
1.259200000000000053e+01
1.259999999999999964e+01
1.260800000000000054e+01
1.261599999999999966e+01
1.262400000000000055e+01
1.263199999999999967e+01
1.264000000000000057e+01
1.264799999999999969e+01
1.265600000000000058e+01
1.266399999999999970e+01
1.267200000000000060e+01
1.267999999999999972e+01
1.268800000000000061e+01
1.269599999999999973e+01
1.270400000000000063e+01
1.271199999999999974e+01
1.272000000000000064e+01
1.272799999999999976e+01
1.273600000000000065e+01
1.274399999999999977e+01
1.275200000000000067e+01
1.275999999999999979e+01
1.276800000000000068e+01
1.277599999999999980e+01
1.278400000000000070e+01
1.279199999999999982e+01
1.280000000000000071e+01
1.280799999999999983e+01
1.281600000000000072e+01
1.282399999999999984e+01
1.283200000000000074e+01
1.283999999999999986e+01
1.284800000000000075e+01
1.285599999999999987e+01
1.286400000000000077e+01
1.287199999999999989e+01
1.288000000000000078e+01
1.288799999999999990e+01
1.289600000000000080e+01
1.290399999999999991e+01
1.291200000000000081e+01
1.291999999999999993e+01
1.292800000000000082e+01
1.293599999999999994e+01
1.294400000000000084e+01
1.295199999999999996e+01
1.296000000000000085e+01
1.296799999999999997e+01
1.297600000000000087e+01
1.298399999999999999e+01
1.299200000000000088e+01
1.300000000000000000e+01
1.300800000000000090e+01
1.301600000000000001e+01
1.302400000000000091e+01
1.303200000000000003e+01
1.304000000000000092e+01
1.304800000000000004e+01
1.305600000000000094e+01
1.306400000000000006e+01
1.307200000000000095e+01
1.308000000000000007e+01
1.308800000000000097e+01
1.309600000000000009e+01
1.310400000000000098e+01
1.311200000000000010e+01
1.312000000000000099e+01
1.312800000000000011e+01
1.313600000000000101e+01
1.314400000000000013e+01
1.315200000000000102e+01
1.316000000000000014e+01
1.316800000000000104e+01
1.317600000000000016e+01
1.318400000000000105e+01
1.319200000000000017e+01
1.320000000000000107e+01
1.320800000000000018e+01
1.321600000000000108e+01
1.322400000000000020e+01
1.323200000000000109e+01
1.324000000000000021e+01
1.324800000000000111e+01
1.325600000000000023e+01
1.326400000000000112e+01
1.327200000000000024e+01
1.328000000000000114e+01
1.328800000000000026e+01
1.329600000000000115e+01
1.330400000000000027e+01
1.331200000000000117e+01
1.332000000000000028e+01
1.332799999999999940e+01
1.333600000000000030e+01
1.334399999999999942e+01
1.335200000000000031e+01
1.335999999999999943e+01
1.336800000000000033e+01
1.337599999999999945e+01
1.338400000000000034e+01
1.339199999999999946e+01
1.340000000000000036e+01
1.340799999999999947e+01
1.341600000000000037e+01
1.342399999999999949e+01
1.343200000000000038e+01
1.343999999999999950e+01
1.344800000000000040e+01
1.345599999999999952e+01
1.346400000000000041e+01
1.347199999999999953e+01
1.348000000000000043e+01
1.348799999999999955e+01
1.349600000000000044e+01
1.350399999999999956e+01
1.351200000000000045e+01
1.351999999999999957e+01
1.352800000000000047e+01
1.353599999999999959e+01
1.354400000000000048e+01
1.355199999999999960e+01
1.356000000000000050e+01
1.356799999999999962e+01
1.357600000000000051e+01
1.358399999999999963e+01
1.359200000000000053e+01
1.359999999999999964e+01
1.360800000000000054e+01
1.361599999999999966e+01
1.362400000000000055e+01
1.363199999999999967e+01
1.364000000000000057e+01
1.364799999999999969e+01
1.365600000000000058e+01
1.366399999999999970e+01
1.367200000000000060e+01
1.367999999999999972e+01
1.368800000000000061e+01
1.369599999999999973e+01
1.370400000000000063e+01
1.371199999999999974e+01
1.372000000000000064e+01
1.372799999999999976e+01
1.373600000000000065e+01
1.374399999999999977e+01
1.375200000000000067e+01
1.375999999999999979e+01
1.376800000000000068e+01
1.377599999999999980e+01
1.378400000000000070e+01
1.379199999999999982e+01
1.380000000000000071e+01
1.380799999999999983e+01
1.381600000000000072e+01
1.382399999999999984e+01
1.383200000000000074e+01
1.383999999999999986e+01
1.384800000000000075e+01
1.385599999999999987e+01
1.386400000000000077e+01
1.387199999999999989e+01
1.388000000000000078e+01
1.388799999999999990e+01
1.389600000000000080e+01
1.390399999999999991e+01
1.391200000000000081e+01
1.391999999999999993e+01
1.392800000000000082e+01
1.393599999999999994e+01
1.394400000000000084e+01
1.395199999999999996e+01
1.396000000000000085e+01
1.396799999999999997e+01
1.397600000000000087e+01
1.398399999999999999e+01
1.399200000000000088e+01
1.400000000000000000e+01
1.400800000000000090e+01
1.401600000000000001e+01
1.402400000000000091e+01
1.403200000000000003e+01
1.404000000000000092e+01
1.404800000000000004e+01
1.405600000000000094e+01
1.406400000000000006e+01
1.407200000000000095e+01
1.408000000000000007e+01
1.408800000000000097e+01
1.409600000000000009e+01
1.410400000000000098e+01
1.411200000000000010e+01
1.412000000000000099e+01
1.412800000000000011e+01
1.413600000000000101e+01
1.414400000000000013e+01
1.415200000000000102e+01
1.416000000000000014e+01
1.416800000000000104e+01
1.417600000000000016e+01
1.418400000000000105e+01
1.419200000000000017e+01
1.420000000000000107e+01
1.420800000000000018e+01
1.421600000000000108e+01
1.422400000000000020e+01
1.423200000000000109e+01
1.424000000000000021e+01
1.424800000000000111e+01
1.425600000000000023e+01
1.426400000000000112e+01
1.427200000000000024e+01
1.428000000000000114e+01
1.428800000000000026e+01
1.429600000000000115e+01
1.430400000000000027e+01
1.431200000000000117e+01
1.432000000000000028e+01
1.432800000000000118e+01
1.433600000000000030e+01
1.434399999999999942e+01
1.435200000000000031e+01
1.435999999999999943e+01
1.436800000000000033e+01
1.437599999999999945e+01
1.438400000000000034e+01
1.439199999999999946e+01
1.440000000000000036e+01
1.440799999999999947e+01
1.441600000000000037e+01
1.442399999999999949e+01
1.443200000000000038e+01
1.443999999999999950e+01
1.444800000000000040e+01
1.445599999999999952e+01
1.446400000000000041e+01
1.447199999999999953e+01
1.448000000000000043e+01
1.448799999999999955e+01
1.449600000000000044e+01
1.450399999999999956e+01
1.451200000000000045e+01
1.451999999999999957e+01
1.452800000000000047e+01
1.453599999999999959e+01
1.454400000000000048e+01
1.455199999999999960e+01
1.456000000000000050e+01
1.456799999999999962e+01
1.457600000000000051e+01
1.458399999999999963e+01
1.459200000000000053e+01
1.459999999999999964e+01
1.460800000000000054e+01
1.461599999999999966e+01
1.462400000000000055e+01
1.463199999999999967e+01
1.464000000000000057e+01
1.464799999999999969e+01
1.465600000000000058e+01
1.466399999999999970e+01
1.467200000000000060e+01
1.467999999999999972e+01
1.468800000000000061e+01
1.469599999999999973e+01
1.470400000000000063e+01
1.471199999999999974e+01
1.472000000000000064e+01
1.472799999999999976e+01
1.473600000000000065e+01
1.474399999999999977e+01
1.475200000000000067e+01
1.475999999999999979e+01
1.476800000000000068e+01
1.477599999999999980e+01
1.478400000000000070e+01
1.479199999999999982e+01
1.480000000000000071e+01
1.480799999999999983e+01
1.481600000000000072e+01
1.482399999999999984e+01
1.483200000000000074e+01
1.483999999999999986e+01
1.484800000000000075e+01
1.485599999999999987e+01
1.486400000000000077e+01
1.487199999999999989e+01
1.488000000000000078e+01
1.488799999999999990e+01
1.489600000000000080e+01
1.490399999999999991e+01
1.491200000000000081e+01
1.491999999999999993e+01
1.492800000000000082e+01
1.493599999999999994e+01
1.494400000000000084e+01
1.495199999999999996e+01
1.496000000000000085e+01
1.496799999999999997e+01
1.497600000000000087e+01
1.498399999999999999e+01
1.499200000000000088e+01
1.500000000000000000e+01
1.500800000000000090e+01
1.501600000000000001e+01
1.502400000000000091e+01
1.503200000000000003e+01
1.504000000000000092e+01
1.504800000000000004e+01
1.505600000000000094e+01
1.506400000000000006e+01
1.507200000000000095e+01
1.508000000000000007e+01
1.508800000000000097e+01
1.509600000000000009e+01
1.510400000000000098e+01
1.511200000000000010e+01
1.512000000000000099e+01
1.512800000000000011e+01
1.513600000000000101e+01
1.514400000000000013e+01
1.515200000000000102e+01
1.516000000000000014e+01
1.516800000000000104e+01
1.517600000000000016e+01
1.518400000000000105e+01
1.519200000000000017e+01
1.520000000000000107e+01
1.520800000000000018e+01
1.521600000000000108e+01
1.522400000000000020e+01
1.523200000000000109e+01
1.524000000000000021e+01
1.524800000000000111e+01
1.525600000000000023e+01
1.526400000000000112e+01
1.527200000000000024e+01
1.528000000000000114e+01
1.528800000000000026e+01
1.529600000000000115e+01
1.530400000000000027e+01
1.531200000000000117e+01
1.532000000000000028e+01
1.532800000000000118e+01
1.533600000000000030e+01
1.534400000000000119e+01
1.535200000000000031e+01
1.535999999999999943e+01
1.536800000000000033e+01
1.537599999999999945e+01
1.538400000000000034e+01
1.539199999999999946e+01
1.540000000000000036e+01
1.540799999999999947e+01
1.541600000000000037e+01
1.542399999999999949e+01
1.543200000000000038e+01
1.543999999999999950e+01
1.544800000000000040e+01
1.545599999999999952e+01
1.546400000000000041e+01
1.547199999999999953e+01
1.548000000000000043e+01
1.548799999999999955e+01
1.549600000000000044e+01
1.550399999999999956e+01
1.551200000000000045e+01
1.551999999999999957e+01
1.552800000000000047e+01
1.553599999999999959e+01
1.554400000000000048e+01
1.555199999999999960e+01
1.556000000000000050e+01
1.556799999999999962e+01
1.557600000000000051e+01
1.558399999999999963e+01
1.559200000000000053e+01
1.559999999999999964e+01
1.560800000000000054e+01
1.561599999999999966e+01
1.562400000000000055e+01
1.563199999999999967e+01
1.564000000000000057e+01
1.564799999999999969e+01
1.565600000000000058e+01
1.566399999999999970e+01
1.567200000000000060e+01
1.567999999999999972e+01
1.568800000000000061e+01
1.569599999999999973e+01
1.570400000000000063e+01
1.571199999999999974e+01
1.572000000000000064e+01
1.572799999999999976e+01
1.573600000000000065e+01
1.574399999999999977e+01
1.575200000000000067e+01
1.575999999999999979e+01
1.576800000000000068e+01
1.577599999999999980e+01
1.578400000000000070e+01
1.579199999999999982e+01
1.580000000000000071e+01
1.580799999999999983e+01
1.581600000000000072e+01
1.582399999999999984e+01
1.583200000000000074e+01
1.583999999999999986e+01
1.584800000000000075e+01
1.585599999999999987e+01
1.586400000000000077e+01
1.587199999999999989e+01
1.588000000000000078e+01
1.588799999999999990e+01
1.589600000000000080e+01
1.590399999999999991e+01
1.591200000000000081e+01
1.591999999999999993e+01
1.592800000000000082e+01
1.593599999999999994e+01
1.594400000000000084e+01
1.595199999999999996e+01
1.596000000000000085e+01
1.596799999999999997e+01
1.597600000000000087e+01
1.598399999999999999e+01
1.599200000000000088e+01
1.600000000000000000e+01
1.600799999999999912e+01
1.601600000000000179e+01
1.602400000000000091e+01
1.603200000000000003e+01
1.603999999999999915e+01
1.604800000000000182e+01
1.605600000000000094e+01
1.606400000000000006e+01
1.607199999999999918e+01
1.608000000000000185e+01
1.608800000000000097e+01
1.609600000000000009e+01
1.610399999999999920e+01
1.611200000000000188e+01
1.612000000000000099e+01
1.612800000000000011e+01
1.613599999999999923e+01
1.614400000000000190e+01
1.615200000000000102e+01
1.616000000000000014e+01
1.616799999999999926e+01
1.617600000000000193e+01
1.618400000000000105e+01
1.619200000000000017e+01
1.619999999999999929e+01
1.620800000000000196e+01
1.621600000000000108e+01
1.622400000000000020e+01
1.623199999999999932e+01
1.624000000000000199e+01
1.624800000000000111e+01
1.625600000000000023e+01
1.626399999999999935e+01
1.627200000000000202e+01
1.628000000000000114e+01
1.628800000000000026e+01
1.629599999999999937e+01
1.630400000000000205e+01
1.631200000000000117e+01
1.632000000000000028e+01
1.632799999999999940e+01
1.633600000000000207e+01
1.634400000000000119e+01
1.635200000000000031e+01
1.635999999999999943e+01
1.636800000000000210e+01
1.637600000000000122e+01
1.638400000000000034e+01
1.639199999999999946e+01
1.639999999999999858e+01
1.640800000000000125e+01
1.641600000000000037e+01
1.642399999999999949e+01
1.643199999999999861e+01
1.644000000000000128e+01
1.644800000000000040e+01
1.645599999999999952e+01
1.646399999999999864e+01
1.647200000000000131e+01
1.648000000000000043e+01
1.648799999999999955e+01
1.649599999999999866e+01
1.650400000000000134e+01
1.651200000000000045e+01
1.651999999999999957e+01
1.652799999999999869e+01
1.653600000000000136e+01
1.654400000000000048e+01
1.655199999999999960e+01
1.655999999999999872e+01
1.656800000000000139e+01
1.657600000000000051e+01
1.658399999999999963e+01
1.659199999999999875e+01
1.660000000000000142e+01
1.660800000000000054e+01
1.661599999999999966e+01
1.662399999999999878e+01
1.663200000000000145e+01
1.664000000000000057e+01
1.664799999999999969e+01
1.665599999999999881e+01
1.666400000000000148e+01
1.667200000000000060e+01
1.667999999999999972e+01
1.668799999999999883e+01
1.669600000000000151e+01
1.670400000000000063e+01
1.671199999999999974e+01
1.671999999999999886e+01
1.672800000000000153e+01
1.673600000000000065e+01
1.674399999999999977e+01
1.675199999999999889e+01
1.676000000000000156e+01
1.676800000000000068e+01
1.677599999999999980e+01
1.678399999999999892e+01
1.679200000000000159e+01
1.680000000000000071e+01
1.680799999999999983e+01
1.681599999999999895e+01
1.682400000000000162e+01
1.683200000000000074e+01
1.683999999999999986e+01
1.684799999999999898e+01
1.685600000000000165e+01
1.686400000000000077e+01
1.687199999999999989e+01
1.687999999999999901e+01
1.688800000000000168e+01
1.689600000000000080e+01
1.690399999999999991e+01
1.691199999999999903e+01
1.692000000000000171e+01
1.692800000000000082e+01
1.693599999999999994e+01
1.694399999999999906e+01
1.695200000000000173e+01
1.696000000000000085e+01
1.696799999999999997e+01
1.697599999999999909e+01
1.698400000000000176e+01
1.699200000000000088e+01
1.700000000000000000e+01
1.700799999999999912e+01
1.701600000000000179e+01
1.702400000000000091e+01
1.703200000000000003e+01
1.703999999999999915e+01
1.704800000000000182e+01
1.705600000000000094e+01
1.706400000000000006e+01
1.707199999999999918e+01
1.708000000000000185e+01
1.708800000000000097e+01
1.709600000000000009e+01
1.710399999999999920e+01
1.711200000000000188e+01
1.712000000000000099e+01
1.712800000000000011e+01
1.713599999999999923e+01
1.714400000000000190e+01
1.715200000000000102e+01
1.716000000000000014e+01
1.716799999999999926e+01
1.717600000000000193e+01
1.718400000000000105e+01
1.719200000000000017e+01
1.719999999999999929e+01
1.720800000000000196e+01
1.721600000000000108e+01
1.722400000000000020e+01
1.723199999999999932e+01
1.724000000000000199e+01
1.724800000000000111e+01
1.725600000000000023e+01
1.726399999999999935e+01
1.727200000000000202e+01
1.728000000000000114e+01
1.728800000000000026e+01
1.729599999999999937e+01
1.730400000000000205e+01
1.731200000000000117e+01
1.732000000000000028e+01
1.732799999999999940e+01
1.733600000000000207e+01
1.734400000000000119e+01
1.735200000000000031e+01
1.735999999999999943e+01
1.736800000000000210e+01
1.737600000000000122e+01
1.738400000000000034e+01
1.739199999999999946e+01
1.740000000000000213e+01
1.740800000000000125e+01
1.741600000000000037e+01
1.742399999999999949e+01
1.743199999999999861e+01
1.744000000000000128e+01
1.744800000000000040e+01
1.745599999999999952e+01
1.746399999999999864e+01
1.747200000000000131e+01
1.748000000000000043e+01
1.748799999999999955e+01
1.749599999999999866e+01
1.750400000000000134e+01
1.751200000000000045e+01
1.751999999999999957e+01
1.752799999999999869e+01
1.753600000000000136e+01
1.754400000000000048e+01
1.755199999999999960e+01
1.755999999999999872e+01
1.756800000000000139e+01
1.757600000000000051e+01
1.758399999999999963e+01
1.759199999999999875e+01
1.760000000000000142e+01
1.760800000000000054e+01
1.761599999999999966e+01
1.762399999999999878e+01
1.763200000000000145e+01
1.764000000000000057e+01
1.764799999999999969e+01
1.765599999999999881e+01
1.766400000000000148e+01
1.767200000000000060e+01
1.767999999999999972e+01
1.768799999999999883e+01
1.769600000000000151e+01
1.770400000000000063e+01
1.771199999999999974e+01
1.771999999999999886e+01
1.772800000000000153e+01
1.773600000000000065e+01
1.774399999999999977e+01
1.775199999999999889e+01
1.776000000000000156e+01
1.776800000000000068e+01
1.777599999999999980e+01
1.778399999999999892e+01
1.779200000000000159e+01
1.780000000000000071e+01
1.780799999999999983e+01
1.781599999999999895e+01
1.782400000000000162e+01
1.783200000000000074e+01
1.783999999999999986e+01
1.784799999999999898e+01
1.785600000000000165e+01
1.786400000000000077e+01
1.787199999999999989e+01
1.787999999999999901e+01
1.788800000000000168e+01
1.789600000000000080e+01
1.790399999999999991e+01
1.791199999999999903e+01
1.792000000000000171e+01
1.792800000000000082e+01
1.793599999999999994e+01
1.794399999999999906e+01
1.795200000000000173e+01
1.796000000000000085e+01
1.796799999999999997e+01
1.797599999999999909e+01
1.798400000000000176e+01
1.799200000000000088e+01
1.800000000000000000e+01
1.800799999999999912e+01
1.801600000000000179e+01
1.802400000000000091e+01
1.803200000000000003e+01
1.803999999999999915e+01
1.804800000000000182e+01
1.805600000000000094e+01
1.806400000000000006e+01
1.807199999999999918e+01
1.808000000000000185e+01
1.808800000000000097e+01
1.809600000000000009e+01
1.810399999999999920e+01
1.811200000000000188e+01
1.812000000000000099e+01
1.812800000000000011e+01
1.813599999999999923e+01
1.814400000000000190e+01
1.815200000000000102e+01
1.816000000000000014e+01
1.816799999999999926e+01
1.817600000000000193e+01
1.818400000000000105e+01
1.819200000000000017e+01
1.819999999999999929e+01
1.820800000000000196e+01
1.821600000000000108e+01
1.822400000000000020e+01
1.823199999999999932e+01
1.824000000000000199e+01
1.824800000000000111e+01
1.825600000000000023e+01
1.826399999999999935e+01
1.827200000000000202e+01
1.828000000000000114e+01
1.828800000000000026e+01
1.829599999999999937e+01
1.830400000000000205e+01
1.831200000000000117e+01
1.832000000000000028e+01
1.832799999999999940e+01
1.833600000000000207e+01
1.834400000000000119e+01
1.835200000000000031e+01
1.835999999999999943e+01
1.836800000000000210e+01
1.837600000000000122e+01
1.838400000000000034e+01
1.839199999999999946e+01
1.840000000000000213e+01
1.840800000000000125e+01
1.841600000000000037e+01
1.842399999999999949e+01
1.843200000000000216e+01
1.844000000000000128e+01
1.844800000000000040e+01
1.845599999999999952e+01
1.846399999999999864e+01
1.847200000000000131e+01
1.848000000000000043e+01
1.848799999999999955e+01
1.849599999999999866e+01
1.850400000000000134e+01
1.851200000000000045e+01
1.851999999999999957e+01
1.852799999999999869e+01
1.853600000000000136e+01
1.854400000000000048e+01
1.855199999999999960e+01
1.855999999999999872e+01
1.856800000000000139e+01
1.857600000000000051e+01
1.858399999999999963e+01
1.859199999999999875e+01
1.860000000000000142e+01
1.860800000000000054e+01
1.861599999999999966e+01
1.862399999999999878e+01
1.863200000000000145e+01
1.864000000000000057e+01
1.864799999999999969e+01
1.865599999999999881e+01
1.866400000000000148e+01
1.867200000000000060e+01
1.867999999999999972e+01
1.868799999999999883e+01
1.869600000000000151e+01
1.870400000000000063e+01
1.871199999999999974e+01
1.871999999999999886e+01
1.872800000000000153e+01
1.873600000000000065e+01
1.874399999999999977e+01
1.875199999999999889e+01
1.876000000000000156e+01
1.876800000000000068e+01
1.877599999999999980e+01
1.878399999999999892e+01
1.879200000000000159e+01
1.880000000000000071e+01
1.880799999999999983e+01
1.881599999999999895e+01
1.882400000000000162e+01
1.883200000000000074e+01
1.883999999999999986e+01
1.884799999999999898e+01
1.885600000000000165e+01
1.886400000000000077e+01
1.887199999999999989e+01
1.887999999999999901e+01
1.888800000000000168e+01
1.889600000000000080e+01
1.890399999999999991e+01
1.891199999999999903e+01
1.892000000000000171e+01
1.892800000000000082e+01
1.893599999999999994e+01
1.894399999999999906e+01
1.895200000000000173e+01
1.896000000000000085e+01
1.896799999999999997e+01
1.897599999999999909e+01
1.898400000000000176e+01
1.899200000000000088e+01
1.900000000000000000e+01
1.900799999999999912e+01
1.901600000000000179e+01
1.902400000000000091e+01
1.903200000000000003e+01
1.903999999999999915e+01
1.904800000000000182e+01
1.905600000000000094e+01
1.906400000000000006e+01
1.907199999999999918e+01
1.908000000000000185e+01
1.908800000000000097e+01
1.909600000000000009e+01
1.910399999999999920e+01
1.911200000000000188e+01
1.912000000000000099e+01
1.912800000000000011e+01
1.913599999999999923e+01
1.914400000000000190e+01
1.915200000000000102e+01
1.916000000000000014e+01
1.916799999999999926e+01
1.917600000000000193e+01
1.918400000000000105e+01
1.919200000000000017e+01
1.919999999999999929e+01
1.920800000000000196e+01
1.921600000000000108e+01
1.922400000000000020e+01
1.923199999999999932e+01
1.924000000000000199e+01
1.924800000000000111e+01
1.925600000000000023e+01
1.926399999999999935e+01
1.927200000000000202e+01
1.928000000000000114e+01
1.928800000000000026e+01
1.929599999999999937e+01
1.930400000000000205e+01
1.931200000000000117e+01
1.932000000000000028e+01
1.932799999999999940e+01
1.933600000000000207e+01
1.934400000000000119e+01
1.935200000000000031e+01
1.935999999999999943e+01
1.936800000000000210e+01
1.937600000000000122e+01
1.938400000000000034e+01
1.939199999999999946e+01
1.940000000000000213e+01
1.940800000000000125e+01
1.941600000000000037e+01
1.942399999999999949e+01
1.943200000000000216e+01
1.944000000000000128e+01
1.944800000000000040e+01
1.945599999999999952e+01
1.946399999999999864e+01
1.947200000000000131e+01
1.948000000000000043e+01
1.948799999999999955e+01
1.949599999999999866e+01
1.950400000000000134e+01
1.951200000000000045e+01
1.951999999999999957e+01
1.952799999999999869e+01
1.953600000000000136e+01
1.954400000000000048e+01
1.955199999999999960e+01
1.955999999999999872e+01
1.956800000000000139e+01
1.957600000000000051e+01
1.958399999999999963e+01
1.959199999999999875e+01
1.960000000000000142e+01
1.960800000000000054e+01
1.961599999999999966e+01
1.962399999999999878e+01
1.963200000000000145e+01
1.964000000000000057e+01
1.964799999999999969e+01
1.965599999999999881e+01
1.966400000000000148e+01
1.967200000000000060e+01
1.967999999999999972e+01
1.968799999999999883e+01
1.969600000000000151e+01
1.970400000000000063e+01
1.971199999999999974e+01
1.971999999999999886e+01
1.972800000000000153e+01
1.973600000000000065e+01
1.974399999999999977e+01
1.975199999999999889e+01
1.976000000000000156e+01
1.976800000000000068e+01
1.977599999999999980e+01
1.978399999999999892e+01
1.979200000000000159e+01
1.980000000000000071e+01
1.980799999999999983e+01
1.981599999999999895e+01
1.982400000000000162e+01
1.983200000000000074e+01
1.983999999999999986e+01
1.984799999999999898e+01
1.985600000000000165e+01
1.986400000000000077e+01
1.987199999999999989e+01
1.987999999999999901e+01
1.988800000000000168e+01
1.989600000000000080e+01
1.990399999999999991e+01
1.991199999999999903e+01
1.992000000000000171e+01
1.992800000000000082e+01
1.993599999999999994e+01
1.994399999999999906e+01
1.995200000000000173e+01
1.996000000000000085e+01
1.996799999999999997e+01
1.997599999999999909e+01
1.998400000000000176e+01
1.999200000000000088e+01
2.000000000000000000e+01
2.000799999999999912e+01
2.001600000000000179e+01
2.002400000000000091e+01
2.003200000000000003e+01
2.003999999999999915e+01
2.004800000000000182e+01
2.005600000000000094e+01
2.006400000000000006e+01
2.007199999999999918e+01
2.008000000000000185e+01
2.008800000000000097e+01
2.009600000000000009e+01
2.010399999999999920e+01
2.011200000000000188e+01
2.012000000000000099e+01
2.012800000000000011e+01
2.013599999999999923e+01
2.014400000000000190e+01
2.015200000000000102e+01
2.016000000000000014e+01
2.016799999999999926e+01
2.017600000000000193e+01
2.018400000000000105e+01
2.019200000000000017e+01
2.019999999999999929e+01
2.020800000000000196e+01
2.021600000000000108e+01
2.022400000000000020e+01
2.023199999999999932e+01
2.024000000000000199e+01
2.024800000000000111e+01
2.025600000000000023e+01
2.026399999999999935e+01
2.027200000000000202e+01
2.028000000000000114e+01
2.028800000000000026e+01
2.029599999999999937e+01
2.030400000000000205e+01
2.031200000000000117e+01
2.032000000000000028e+01
2.032799999999999940e+01
2.033600000000000207e+01
2.034400000000000119e+01
2.035200000000000031e+01
2.035999999999999943e+01
2.036800000000000210e+01
2.037600000000000122e+01
2.038400000000000034e+01
2.039199999999999946e+01
2.040000000000000213e+01
2.040800000000000125e+01
2.041600000000000037e+01
2.042399999999999949e+01
2.043200000000000216e+01
2.044000000000000128e+01
2.044800000000000040e+01
2.045599999999999952e+01
2.046400000000000219e+01
2.047200000000000131e+01
2.048000000000000043e+01
2.048799999999999955e+01
2.049599999999999866e+01
2.050400000000000134e+01
2.051200000000000045e+01
2.051999999999999957e+01
2.052799999999999869e+01
2.053600000000000136e+01
2.054400000000000048e+01
2.055199999999999960e+01
2.055999999999999872e+01
2.056800000000000139e+01
2.057600000000000051e+01
2.058399999999999963e+01
2.059199999999999875e+01
2.060000000000000142e+01
2.060800000000000054e+01
2.061599999999999966e+01
2.062399999999999878e+01
2.063200000000000145e+01
2.064000000000000057e+01
2.064799999999999969e+01
2.065599999999999881e+01
2.066400000000000148e+01
2.067200000000000060e+01
2.067999999999999972e+01
2.068799999999999883e+01
2.069600000000000151e+01
2.070400000000000063e+01
2.071199999999999974e+01
2.071999999999999886e+01
2.072800000000000153e+01
2.073600000000000065e+01
2.074399999999999977e+01
2.075199999999999889e+01
2.076000000000000156e+01
2.076800000000000068e+01
2.077599999999999980e+01
2.078399999999999892e+01
2.079200000000000159e+01
2.080000000000000071e+01
2.080799999999999983e+01
2.081599999999999895e+01
2.082400000000000162e+01
2.083200000000000074e+01
2.083999999999999986e+01
2.084799999999999898e+01
2.085600000000000165e+01
2.086400000000000077e+01
2.087199999999999989e+01
2.087999999999999901e+01
2.088800000000000168e+01
2.089600000000000080e+01
2.090399999999999991e+01
2.091199999999999903e+01
2.092000000000000171e+01
2.092800000000000082e+01
2.093599999999999994e+01
2.094399999999999906e+01
2.095200000000000173e+01
2.096000000000000085e+01
2.096799999999999997e+01
2.097599999999999909e+01
2.098400000000000176e+01
2.099200000000000088e+01
2.100000000000000000e+01
2.100799999999999912e+01
2.101600000000000179e+01
2.102400000000000091e+01
2.103200000000000003e+01
2.103999999999999915e+01
2.104800000000000182e+01
2.105600000000000094e+01
2.106400000000000006e+01
2.107199999999999918e+01
2.108000000000000185e+01
2.108800000000000097e+01
2.109600000000000009e+01
2.110399999999999920e+01
2.111200000000000188e+01
2.112000000000000099e+01
2.112800000000000011e+01
2.113599999999999923e+01
2.114400000000000190e+01
2.115200000000000102e+01
2.116000000000000014e+01
2.116799999999999926e+01
2.117600000000000193e+01
2.118400000000000105e+01
2.119200000000000017e+01
2.119999999999999929e+01
2.120800000000000196e+01
2.121600000000000108e+01
2.122400000000000020e+01
2.123199999999999932e+01
2.124000000000000199e+01
2.124800000000000111e+01
2.125600000000000023e+01
2.126399999999999935e+01
2.127200000000000202e+01
2.128000000000000114e+01
2.128800000000000026e+01
2.129599999999999937e+01
2.130400000000000205e+01
2.131200000000000117e+01
2.132000000000000028e+01
2.132799999999999940e+01
2.133600000000000207e+01
2.134400000000000119e+01
2.135200000000000031e+01
2.135999999999999943e+01
2.136800000000000210e+01
2.137600000000000122e+01
2.138400000000000034e+01
2.139199999999999946e+01
2.140000000000000213e+01
2.140800000000000125e+01
2.141600000000000037e+01
2.142399999999999949e+01
2.143200000000000216e+01
2.144000000000000128e+01
2.144800000000000040e+01
2.145599999999999952e+01
2.146400000000000219e+01
2.147200000000000131e+01
2.148000000000000043e+01
2.148799999999999955e+01
2.149600000000000222e+01
2.150400000000000134e+01
2.151200000000000045e+01
2.151999999999999957e+01
2.152799999999999869e+01
2.153600000000000136e+01
2.154400000000000048e+01
2.155199999999999960e+01
2.155999999999999872e+01
2.156800000000000139e+01
2.157600000000000051e+01
2.158399999999999963e+01
2.159199999999999875e+01
2.160000000000000142e+01
2.160800000000000054e+01
2.161599999999999966e+01
2.162399999999999878e+01
2.163200000000000145e+01
2.164000000000000057e+01
2.164799999999999969e+01
2.165599999999999881e+01
2.166400000000000148e+01
2.167200000000000060e+01
2.167999999999999972e+01
2.168799999999999883e+01
2.169600000000000151e+01
2.170400000000000063e+01
2.171199999999999974e+01
2.171999999999999886e+01
2.172800000000000153e+01
2.173600000000000065e+01
2.174399999999999977e+01
2.175199999999999889e+01
2.176000000000000156e+01
2.176800000000000068e+01
2.177599999999999980e+01
2.178399999999999892e+01
2.179200000000000159e+01
2.180000000000000071e+01
2.180799999999999983e+01
2.181599999999999895e+01
2.182400000000000162e+01
2.183200000000000074e+01
2.183999999999999986e+01
2.184799999999999898e+01
2.185600000000000165e+01
2.186400000000000077e+01
2.187199999999999989e+01
2.187999999999999901e+01
2.188800000000000168e+01
2.189600000000000080e+01
2.190399999999999991e+01
2.191199999999999903e+01
2.192000000000000171e+01
2.192800000000000082e+01
2.193599999999999994e+01
2.194399999999999906e+01
2.195200000000000173e+01
2.196000000000000085e+01
2.196799999999999997e+01
2.197599999999999909e+01
2.198400000000000176e+01
2.199200000000000088e+01
2.200000000000000000e+01
2.200799999999999912e+01
2.201600000000000179e+01
2.202400000000000091e+01
2.203200000000000003e+01
2.203999999999999915e+01
2.204800000000000182e+01
2.205600000000000094e+01
2.206400000000000006e+01
2.207199999999999918e+01
2.208000000000000185e+01
2.208800000000000097e+01
2.209600000000000009e+01
2.210399999999999920e+01
2.211200000000000188e+01
2.212000000000000099e+01
2.212800000000000011e+01
2.213599999999999923e+01
2.214400000000000190e+01
2.215200000000000102e+01
2.216000000000000014e+01
2.216799999999999926e+01
2.217600000000000193e+01
2.218400000000000105e+01
2.219200000000000017e+01
2.219999999999999929e+01
2.220800000000000196e+01
2.221600000000000108e+01
2.222400000000000020e+01
2.223199999999999932e+01
2.224000000000000199e+01
2.224800000000000111e+01
2.225600000000000023e+01
2.226399999999999935e+01
2.227200000000000202e+01
2.228000000000000114e+01
2.228800000000000026e+01
2.229599999999999937e+01
2.230400000000000205e+01
2.231200000000000117e+01
2.232000000000000028e+01
2.232799999999999940e+01
2.233600000000000207e+01
2.234400000000000119e+01
2.235200000000000031e+01
2.235999999999999943e+01
2.236800000000000210e+01
2.237600000000000122e+01
2.238400000000000034e+01
2.239199999999999946e+01
2.240000000000000213e+01
2.240800000000000125e+01
2.241600000000000037e+01
2.242399999999999949e+01
2.243200000000000216e+01
2.244000000000000128e+01
2.244800000000000040e+01
2.245599999999999952e+01
2.246400000000000219e+01
2.247200000000000131e+01
2.248000000000000043e+01
2.248799999999999955e+01
2.249600000000000222e+01
2.250400000000000134e+01
2.251200000000000045e+01
2.251999999999999957e+01
2.252799999999999869e+01
2.253600000000000136e+01
2.254400000000000048e+01
2.255199999999999960e+01
2.255999999999999872e+01
2.256800000000000139e+01
2.257600000000000051e+01
2.258399999999999963e+01
2.259199999999999875e+01
2.260000000000000142e+01
2.260800000000000054e+01
2.261599999999999966e+01
2.262399999999999878e+01
2.263200000000000145e+01
2.264000000000000057e+01
2.264799999999999969e+01
2.265599999999999881e+01
2.266400000000000148e+01
2.267200000000000060e+01
2.267999999999999972e+01
2.268799999999999883e+01
2.269600000000000151e+01
2.270400000000000063e+01
2.271199999999999974e+01
2.271999999999999886e+01
2.272800000000000153e+01
2.273600000000000065e+01
2.274399999999999977e+01
2.275199999999999889e+01
2.276000000000000156e+01
2.276800000000000068e+01
2.277599999999999980e+01
2.278399999999999892e+01
2.279200000000000159e+01
2.280000000000000071e+01
2.280799999999999983e+01
2.281599999999999895e+01
2.282400000000000162e+01
2.283200000000000074e+01
2.283999999999999986e+01
2.284799999999999898e+01
2.285600000000000165e+01
2.286400000000000077e+01
2.287199999999999989e+01
2.287999999999999901e+01
2.288800000000000168e+01
2.289600000000000080e+01
2.290399999999999991e+01
2.291199999999999903e+01
2.292000000000000171e+01
2.292800000000000082e+01
2.293599999999999994e+01
2.294399999999999906e+01
2.295200000000000173e+01
2.296000000000000085e+01
2.296799999999999997e+01
2.297599999999999909e+01
2.298400000000000176e+01
2.299200000000000088e+01
2.300000000000000000e+01
2.300799999999999912e+01
2.301600000000000179e+01
2.302400000000000091e+01
2.303200000000000003e+01
2.303999999999999915e+01
2.304800000000000182e+01
2.305600000000000094e+01
2.306400000000000006e+01
2.307199999999999918e+01
2.308000000000000185e+01
2.308800000000000097e+01
2.309600000000000009e+01
2.310399999999999920e+01
2.311200000000000188e+01
2.312000000000000099e+01
2.312800000000000011e+01
2.313599999999999923e+01
2.314400000000000190e+01
2.315200000000000102e+01
2.316000000000000014e+01
2.316799999999999926e+01
2.317600000000000193e+01
2.318400000000000105e+01
2.319200000000000017e+01
2.319999999999999929e+01
2.320800000000000196e+01
2.321600000000000108e+01
2.322400000000000020e+01
2.323199999999999932e+01
2.324000000000000199e+01
2.324800000000000111e+01
2.325600000000000023e+01
2.326399999999999935e+01
2.327200000000000202e+01
2.328000000000000114e+01
2.328800000000000026e+01
2.329599999999999937e+01
2.330400000000000205e+01
2.331200000000000117e+01
2.332000000000000028e+01
2.332799999999999940e+01
2.333600000000000207e+01
2.334400000000000119e+01
2.335200000000000031e+01
2.335999999999999943e+01
2.336800000000000210e+01
2.337600000000000122e+01
2.338400000000000034e+01
2.339199999999999946e+01
2.340000000000000213e+01
2.340800000000000125e+01
2.341600000000000037e+01
2.342399999999999949e+01
2.343200000000000216e+01
2.344000000000000128e+01
2.344800000000000040e+01
2.345599999999999952e+01
2.346400000000000219e+01
2.347200000000000131e+01
2.348000000000000043e+01
2.348799999999999955e+01
2.349600000000000222e+01
2.350400000000000134e+01
2.351200000000000045e+01
2.351999999999999957e+01
2.352800000000000225e+01
2.353600000000000136e+01
2.354400000000000048e+01
2.355199999999999960e+01
2.355999999999999872e+01
2.356800000000000139e+01
2.357600000000000051e+01
2.358399999999999963e+01
2.359199999999999875e+01
2.360000000000000142e+01
2.360800000000000054e+01
2.361599999999999966e+01
2.362399999999999878e+01
2.363200000000000145e+01
2.364000000000000057e+01
2.364799999999999969e+01
2.365599999999999881e+01
2.366400000000000148e+01
2.367200000000000060e+01
2.367999999999999972e+01
2.368799999999999883e+01
2.369600000000000151e+01
2.370400000000000063e+01
2.371199999999999974e+01
2.371999999999999886e+01
2.372800000000000153e+01
2.373600000000000065e+01
2.374399999999999977e+01
2.375199999999999889e+01
2.376000000000000156e+01
2.376800000000000068e+01
2.377599999999999980e+01
2.378399999999999892e+01
2.379200000000000159e+01
2.380000000000000071e+01
2.380799999999999983e+01
2.381599999999999895e+01
2.382400000000000162e+01
2.383200000000000074e+01
2.383999999999999986e+01
2.384799999999999898e+01
2.385600000000000165e+01
2.386400000000000077e+01
2.387199999999999989e+01
2.387999999999999901e+01
2.388800000000000168e+01
2.389600000000000080e+01
2.390399999999999991e+01
2.391199999999999903e+01
2.392000000000000171e+01
2.392800000000000082e+01
2.393599999999999994e+01
2.394399999999999906e+01
2.395200000000000173e+01
2.396000000000000085e+01
2.396799999999999997e+01
2.397599999999999909e+01
2.398400000000000176e+01
2.399200000000000088e+01
2.400000000000000000e+01
2.400799999999999912e+01
2.401600000000000179e+01
2.402400000000000091e+01
2.403200000000000003e+01
2.403999999999999915e+01
2.404800000000000182e+01
2.405600000000000094e+01
2.406400000000000006e+01
2.407199999999999918e+01
2.408000000000000185e+01
2.408800000000000097e+01
2.409600000000000009e+01
2.410399999999999920e+01
2.411200000000000188e+01
2.412000000000000099e+01
2.412800000000000011e+01
2.413599999999999923e+01
2.414400000000000190e+01
2.415200000000000102e+01
2.416000000000000014e+01
2.416799999999999926e+01
2.417600000000000193e+01
2.418400000000000105e+01
2.419200000000000017e+01
2.419999999999999929e+01
2.420800000000000196e+01
2.421600000000000108e+01
2.422400000000000020e+01
2.423199999999999932e+01
2.424000000000000199e+01
2.424800000000000111e+01
2.425600000000000023e+01
2.426399999999999935e+01
2.427200000000000202e+01
2.428000000000000114e+01
2.428800000000000026e+01
2.429599999999999937e+01
2.430400000000000205e+01
2.431200000000000117e+01
2.432000000000000028e+01
2.432799999999999940e+01
2.433600000000000207e+01
2.434400000000000119e+01
2.435200000000000031e+01
2.435999999999999943e+01
2.436800000000000210e+01
2.437600000000000122e+01
2.438400000000000034e+01
2.439199999999999946e+01
2.440000000000000213e+01
2.440800000000000125e+01
2.441600000000000037e+01
2.442399999999999949e+01
2.443200000000000216e+01
2.444000000000000128e+01
2.444800000000000040e+01
2.445599999999999952e+01
2.446400000000000219e+01
2.447200000000000131e+01
2.448000000000000043e+01
2.448799999999999955e+01
2.449600000000000222e+01
2.450400000000000134e+01
2.451200000000000045e+01
2.451999999999999957e+01
2.452800000000000225e+01
2.453600000000000136e+01
2.454400000000000048e+01
2.455199999999999960e+01
2.456000000000000227e+01
2.456800000000000139e+01
2.457600000000000051e+01
2.458399999999999963e+01
2.459199999999999875e+01
2.460000000000000142e+01
2.460800000000000054e+01
2.461599999999999966e+01
2.462399999999999878e+01
2.463200000000000145e+01
2.464000000000000057e+01
2.464799999999999969e+01
2.465599999999999881e+01
2.466400000000000148e+01
2.467200000000000060e+01
2.467999999999999972e+01
2.468799999999999883e+01
2.469600000000000151e+01
2.470400000000000063e+01
2.471199999999999974e+01
2.471999999999999886e+01
2.472800000000000153e+01
2.473600000000000065e+01
2.474399999999999977e+01
2.475199999999999889e+01
2.476000000000000156e+01
2.476800000000000068e+01
2.477599999999999980e+01
2.478399999999999892e+01
2.479200000000000159e+01
2.480000000000000071e+01
2.480799999999999983e+01
2.481599999999999895e+01
2.482400000000000162e+01
2.483200000000000074e+01
2.483999999999999986e+01
2.484799999999999898e+01
2.485600000000000165e+01
2.486400000000000077e+01
2.487199999999999989e+01
2.487999999999999901e+01
2.488800000000000168e+01
2.489600000000000080e+01
2.490399999999999991e+01
2.491199999999999903e+01
2.492000000000000171e+01
2.492800000000000082e+01
2.493599999999999994e+01
2.494399999999999906e+01
2.495200000000000173e+01
2.496000000000000085e+01
2.496799999999999997e+01
2.497599999999999909e+01
2.498400000000000176e+01
2.499200000000000088e+01
2.500000000000000000e+01
2.500799999999999912e+01
2.501600000000000179e+01
2.502400000000000091e+01
2.503200000000000003e+01
2.503999999999999915e+01
2.504800000000000182e+01
2.505600000000000094e+01
2.506400000000000006e+01
2.507199999999999918e+01
2.508000000000000185e+01
2.508800000000000097e+01
2.509600000000000009e+01
2.510399999999999920e+01
2.511200000000000188e+01
2.512000000000000099e+01
2.512800000000000011e+01
2.513599999999999923e+01
2.514400000000000190e+01
2.515200000000000102e+01
2.516000000000000014e+01
2.516799999999999926e+01
2.517600000000000193e+01
2.518400000000000105e+01
2.519200000000000017e+01
2.519999999999999929e+01
2.520800000000000196e+01
2.521600000000000108e+01
2.522400000000000020e+01
2.523199999999999932e+01
2.524000000000000199e+01
2.524800000000000111e+01
2.525600000000000023e+01
2.526399999999999935e+01
2.527200000000000202e+01
2.528000000000000114e+01
2.528800000000000026e+01
2.529599999999999937e+01
2.530400000000000205e+01
2.531200000000000117e+01
2.532000000000000028e+01
2.532799999999999940e+01
2.533600000000000207e+01
2.534400000000000119e+01
2.535200000000000031e+01
2.535999999999999943e+01
2.536800000000000210e+01
2.537600000000000122e+01
2.538400000000000034e+01
2.539199999999999946e+01
2.540000000000000213e+01
2.540800000000000125e+01
2.541600000000000037e+01
2.542399999999999949e+01
2.543200000000000216e+01
2.544000000000000128e+01
2.544800000000000040e+01
2.545599999999999952e+01
2.546400000000000219e+01
2.547200000000000131e+01
2.548000000000000043e+01
2.548799999999999955e+01
2.549600000000000222e+01
2.550400000000000134e+01
2.551200000000000045e+01
2.551999999999999957e+01
2.552800000000000225e+01
2.553600000000000136e+01
2.554400000000000048e+01
2.555199999999999960e+01
2.556000000000000227e+01
2.556800000000000139e+01
2.557600000000000051e+01
2.558399999999999963e+01
2.559200000000000230e+01
2.560000000000000142e+01
2.560800000000000054e+01
2.561599999999999966e+01
2.562399999999999878e+01
2.563200000000000145e+01
2.564000000000000057e+01
2.564799999999999969e+01
2.565599999999999881e+01
2.566400000000000148e+01
2.567200000000000060e+01
2.567999999999999972e+01
2.568799999999999883e+01
2.569600000000000151e+01
2.570400000000000063e+01
2.571199999999999974e+01
2.571999999999999886e+01
2.572800000000000153e+01
2.573600000000000065e+01
2.574399999999999977e+01
2.575199999999999889e+01
2.576000000000000156e+01
2.576800000000000068e+01
2.577599999999999980e+01
2.578399999999999892e+01
2.579200000000000159e+01
2.580000000000000071e+01
2.580799999999999983e+01
2.581599999999999895e+01
2.582400000000000162e+01
2.583200000000000074e+01
2.583999999999999986e+01
2.584799999999999898e+01
2.585600000000000165e+01
2.586400000000000077e+01
2.587199999999999989e+01
2.587999999999999901e+01
2.588800000000000168e+01
2.589600000000000080e+01
2.590399999999999991e+01
2.591199999999999903e+01
2.592000000000000171e+01
2.592800000000000082e+01
2.593599999999999994e+01
2.594399999999999906e+01
2.595200000000000173e+01
2.596000000000000085e+01
2.596799999999999997e+01
2.597599999999999909e+01
2.598400000000000176e+01
2.599200000000000088e+01
2.600000000000000000e+01
2.600799999999999912e+01
2.601600000000000179e+01
2.602400000000000091e+01
2.603200000000000003e+01
2.603999999999999915e+01
2.604800000000000182e+01
2.605600000000000094e+01
2.606400000000000006e+01
2.607199999999999918e+01
2.608000000000000185e+01
2.608800000000000097e+01
2.609600000000000009e+01
2.610399999999999920e+01
2.611200000000000188e+01
2.612000000000000099e+01
2.612800000000000011e+01
2.613599999999999923e+01
2.614400000000000190e+01
2.615200000000000102e+01
2.616000000000000014e+01
2.616799999999999926e+01
2.617600000000000193e+01
2.618400000000000105e+01
2.619200000000000017e+01
2.619999999999999929e+01
2.620800000000000196e+01
2.621600000000000108e+01
2.622400000000000020e+01
2.623199999999999932e+01
2.624000000000000199e+01
2.624800000000000111e+01
2.625600000000000023e+01
2.626399999999999935e+01
2.627200000000000202e+01
2.628000000000000114e+01
2.628800000000000026e+01
2.629599999999999937e+01
2.630400000000000205e+01
2.631200000000000117e+01
2.632000000000000028e+01
2.632799999999999940e+01
2.633600000000000207e+01
2.634400000000000119e+01
2.635200000000000031e+01
2.635999999999999943e+01
2.636800000000000210e+01
2.637600000000000122e+01
2.638400000000000034e+01
2.639199999999999946e+01
2.640000000000000213e+01
2.640800000000000125e+01
2.641600000000000037e+01
2.642399999999999949e+01
2.643200000000000216e+01
2.644000000000000128e+01
2.644800000000000040e+01
2.645599999999999952e+01
2.646400000000000219e+01
2.647200000000000131e+01
2.648000000000000043e+01
2.648799999999999955e+01
2.649600000000000222e+01
2.650400000000000134e+01
2.651200000000000045e+01
2.651999999999999957e+01
2.652800000000000225e+01
2.653600000000000136e+01
2.654400000000000048e+01
2.655199999999999960e+01
2.656000000000000227e+01
2.656800000000000139e+01
2.657600000000000051e+01
2.658399999999999963e+01
2.659200000000000230e+01
2.660000000000000142e+01
2.660800000000000054e+01
2.661599999999999966e+01
2.662400000000000233e+01
2.663200000000000145e+01
2.664000000000000057e+01
2.664799999999999969e+01
2.665599999999999881e+01
2.666400000000000148e+01
2.667200000000000060e+01
2.667999999999999972e+01
2.668799999999999883e+01
2.669600000000000151e+01
2.670400000000000063e+01
2.671199999999999974e+01
2.671999999999999886e+01
2.672800000000000153e+01
2.673600000000000065e+01
2.674399999999999977e+01
2.675199999999999889e+01
2.676000000000000156e+01
2.676800000000000068e+01
2.677599999999999980e+01
2.678399999999999892e+01
2.679200000000000159e+01
2.680000000000000071e+01
2.680799999999999983e+01
2.681599999999999895e+01
2.682400000000000162e+01
2.683200000000000074e+01
2.683999999999999986e+01
2.684799999999999898e+01
2.685600000000000165e+01
2.686400000000000077e+01
2.687199999999999989e+01
2.687999999999999901e+01
2.688800000000000168e+01
2.689600000000000080e+01
2.690399999999999991e+01
2.691199999999999903e+01
2.692000000000000171e+01
2.692800000000000082e+01
2.693599999999999994e+01
2.694399999999999906e+01
2.695200000000000173e+01
2.696000000000000085e+01
2.696799999999999997e+01
2.697599999999999909e+01
2.698400000000000176e+01
2.699200000000000088e+01
2.700000000000000000e+01
2.700799999999999912e+01
2.701600000000000179e+01
2.702400000000000091e+01
2.703200000000000003e+01
2.703999999999999915e+01
2.704800000000000182e+01
2.705600000000000094e+01
2.706400000000000006e+01
2.707199999999999918e+01
2.708000000000000185e+01
2.708800000000000097e+01
2.709600000000000009e+01
2.710399999999999920e+01
2.711200000000000188e+01
2.712000000000000099e+01
2.712800000000000011e+01
2.713599999999999923e+01
2.714400000000000190e+01
2.715200000000000102e+01
2.716000000000000014e+01
2.716799999999999926e+01
2.717600000000000193e+01
2.718400000000000105e+01
2.719200000000000017e+01
2.719999999999999929e+01
2.720800000000000196e+01
2.721600000000000108e+01
2.722400000000000020e+01
2.723199999999999932e+01
2.724000000000000199e+01
2.724800000000000111e+01
2.725600000000000023e+01
2.726399999999999935e+01
2.727200000000000202e+01
2.728000000000000114e+01
2.728800000000000026e+01
2.729599999999999937e+01
2.730400000000000205e+01
2.731200000000000117e+01
2.732000000000000028e+01
2.732799999999999940e+01
2.733600000000000207e+01
2.734400000000000119e+01
2.735200000000000031e+01
2.735999999999999943e+01
2.736800000000000210e+01
2.737600000000000122e+01
2.738400000000000034e+01
2.739199999999999946e+01
2.740000000000000213e+01
2.740800000000000125e+01
2.741600000000000037e+01
2.742399999999999949e+01
2.743200000000000216e+01
2.744000000000000128e+01
2.744800000000000040e+01
2.745599999999999952e+01
2.746400000000000219e+01
2.747200000000000131e+01
2.748000000000000043e+01
2.748799999999999955e+01
2.749600000000000222e+01
2.750400000000000134e+01
2.751200000000000045e+01
2.751999999999999957e+01
2.752800000000000225e+01
2.753600000000000136e+01
2.754400000000000048e+01
2.755199999999999960e+01
2.756000000000000227e+01
2.756800000000000139e+01
2.757600000000000051e+01
2.758399999999999963e+01
2.759200000000000230e+01
2.760000000000000142e+01
2.760800000000000054e+01
2.761599999999999966e+01
2.762400000000000233e+01
2.763200000000000145e+01
2.764000000000000057e+01
2.764799999999999969e+01
2.765599999999999881e+01
2.766400000000000148e+01
2.767200000000000060e+01
2.767999999999999972e+01
2.768799999999999883e+01
2.769600000000000151e+01
2.770400000000000063e+01
2.771199999999999974e+01
2.771999999999999886e+01
2.772800000000000153e+01
2.773600000000000065e+01
2.774399999999999977e+01
2.775199999999999889e+01
2.776000000000000156e+01
2.776800000000000068e+01
2.777599999999999980e+01
2.778399999999999892e+01
2.779200000000000159e+01
2.780000000000000071e+01
2.780799999999999983e+01
2.781599999999999895e+01
2.782400000000000162e+01
2.783200000000000074e+01
2.783999999999999986e+01
2.784799999999999898e+01
2.785600000000000165e+01
2.786400000000000077e+01
2.787199999999999989e+01
2.787999999999999901e+01
2.788800000000000168e+01
2.789600000000000080e+01
2.790399999999999991e+01
2.791199999999999903e+01
2.792000000000000171e+01
2.792800000000000082e+01
2.793599999999999994e+01
2.794399999999999906e+01
2.795200000000000173e+01
2.796000000000000085e+01
2.796799999999999997e+01
2.797599999999999909e+01
2.798400000000000176e+01
2.799200000000000088e+01
2.800000000000000000e+01
2.800799999999999912e+01
2.801600000000000179e+01
2.802400000000000091e+01
2.803200000000000003e+01
2.803999999999999915e+01
2.804800000000000182e+01
2.805600000000000094e+01
2.806400000000000006e+01
2.807199999999999918e+01
2.808000000000000185e+01
2.808800000000000097e+01
2.809600000000000009e+01
2.810399999999999920e+01
2.811200000000000188e+01
2.812000000000000099e+01
2.812800000000000011e+01
2.813599999999999923e+01
2.814400000000000190e+01
2.815200000000000102e+01
2.816000000000000014e+01
2.816799999999999926e+01
2.817600000000000193e+01
2.818400000000000105e+01
2.819200000000000017e+01
2.819999999999999929e+01
2.820800000000000196e+01
2.821600000000000108e+01
2.822400000000000020e+01
2.823199999999999932e+01
2.824000000000000199e+01
2.824800000000000111e+01
2.825600000000000023e+01
2.826399999999999935e+01
2.827200000000000202e+01
2.828000000000000114e+01
2.828800000000000026e+01
2.829599999999999937e+01
2.830400000000000205e+01
2.831200000000000117e+01
2.832000000000000028e+01
2.832799999999999940e+01
2.833600000000000207e+01
2.834400000000000119e+01
2.835200000000000031e+01
2.835999999999999943e+01
2.836800000000000210e+01
2.837600000000000122e+01
2.838400000000000034e+01
2.839199999999999946e+01
2.840000000000000213e+01
2.840800000000000125e+01
2.841600000000000037e+01
2.842399999999999949e+01
2.843200000000000216e+01
2.844000000000000128e+01
2.844800000000000040e+01
2.845599999999999952e+01
2.846400000000000219e+01
2.847200000000000131e+01
2.848000000000000043e+01
2.848799999999999955e+01
2.849600000000000222e+01
2.850400000000000134e+01
2.851200000000000045e+01
2.851999999999999957e+01
2.852800000000000225e+01
2.853600000000000136e+01
2.854400000000000048e+01
2.855199999999999960e+01
2.856000000000000227e+01
2.856800000000000139e+01
2.857600000000000051e+01
2.858399999999999963e+01
2.859200000000000230e+01
2.860000000000000142e+01
2.860800000000000054e+01
2.861599999999999966e+01
2.862400000000000233e+01
2.863200000000000145e+01
2.864000000000000057e+01
2.864799999999999969e+01
2.865600000000000236e+01
2.866400000000000148e+01
2.867200000000000060e+01
2.867999999999999972e+01
2.868799999999999883e+01
2.869600000000000151e+01
2.870400000000000063e+01
2.871199999999999974e+01
2.871999999999999886e+01
2.872800000000000153e+01
2.873600000000000065e+01
2.874399999999999977e+01
2.875199999999999889e+01
2.876000000000000156e+01
2.876800000000000068e+01
2.877599999999999980e+01
2.878399999999999892e+01
2.879200000000000159e+01
2.880000000000000071e+01
2.880799999999999983e+01
2.881599999999999895e+01
2.882400000000000162e+01
2.883200000000000074e+01
2.883999999999999986e+01
2.884799999999999898e+01
2.885600000000000165e+01
2.886400000000000077e+01
2.887199999999999989e+01
2.887999999999999901e+01
2.888800000000000168e+01
2.889600000000000080e+01
2.890399999999999991e+01
2.891199999999999903e+01
2.892000000000000171e+01
2.892800000000000082e+01
2.893599999999999994e+01
2.894399999999999906e+01
2.895200000000000173e+01
2.896000000000000085e+01
2.896799999999999997e+01
2.897599999999999909e+01
2.898400000000000176e+01
2.899200000000000088e+01
2.900000000000000000e+01
2.900799999999999912e+01
2.901600000000000179e+01
2.902400000000000091e+01
2.903200000000000003e+01
2.903999999999999915e+01
2.904800000000000182e+01
2.905600000000000094e+01
2.906400000000000006e+01
2.907199999999999918e+01
2.908000000000000185e+01
2.908800000000000097e+01
2.909600000000000009e+01
2.910399999999999920e+01
2.911200000000000188e+01
2.912000000000000099e+01
2.912800000000000011e+01
2.913599999999999923e+01
2.914400000000000190e+01
2.915200000000000102e+01
2.916000000000000014e+01
2.916799999999999926e+01
2.917600000000000193e+01
2.918400000000000105e+01
2.919200000000000017e+01
2.919999999999999929e+01
2.920800000000000196e+01
2.921600000000000108e+01
2.922400000000000020e+01
2.923199999999999932e+01
2.924000000000000199e+01
2.924800000000000111e+01
2.925600000000000023e+01
2.926399999999999935e+01
2.927200000000000202e+01
2.928000000000000114e+01
2.928800000000000026e+01
2.929599999999999937e+01
2.930400000000000205e+01
2.931200000000000117e+01
2.932000000000000028e+01
2.932799999999999940e+01
2.933600000000000207e+01
2.934400000000000119e+01
2.935200000000000031e+01
2.935999999999999943e+01
2.936800000000000210e+01
2.937600000000000122e+01
