0	0	0
0.02	0	0
0.04	0	0
0.06	0	0
0.08	0	0
0.1	0	0
0.12	0	0
0.14	0	0
0.16	0	0
0.18	0	0
0.2	0	0
0.22	0	0
0.24	0	0
0.26	0	0
0.28	-21.44	0
0.3	-21.45	0
0.32	-21.44	0
0.34	-21.43	0
0.36	-21.44	0
0.38	-21.45	0
0.4	-21.44	0
0.42	-21.44	0
0.44	-21.44	0
0.46	-21.44	0
0.48	-21.44	0
0.5	-21.44	0
0.52	-21.44	0
0.54	-21.43	0
0.56	-21.44	0
0.58	-21.44	0
0.6	-21.44	0
0.62	-21.45	0
0.64	-21.44	0
0.66	-21.44	0
0.68	-21.44	0
0.7	-21.45	0
0.72	-21.44	0
0.74	-21.45	0
0.76	-21.44	0
0.78	-21.45	0
0.8	-21.44	0
0.82	-21.45	0
0.84	-21.45	0
0.86	-21.44	0
0.88	-21.45	0
0.9	-21.45	0
0.92	-21.44	0
0.94	-21.44	0
0.96	-21.44	0
0.98	-21.44	0
1	-21.44	0
1.02	-21.44	0
1.04	-21.44	0
1.06	-21.44	0
1.08	-21.45	0
1.1	-21.45	0
1.12	-21.44	0
1.14	-21.45	0
1.16	-21.44	0
1.18	-21.44	0
1.2	-21.44	0
1.22	-21.44	0
1.24	-21.44	0
1.26	-21.45	0
1.28	-21.44	0
1.3	-21.45	0
1.32	-21.44	0
1.34	-21.44	0
1.36	-21.44	0
1.38	-21.44	0
1.4	-21.44	0
1.42	-21.44	0
1.44	-21.45	0
1.46	-21.44	0
1.48	-21.44	0
1.5	-21.45	0
1.52	-21.44	0
1.54	-21.45	0
1.56	-21.45	0
1.58	-21.44	0
1.6	-21.44	0
1.62	-21.45	0
1.64	-21.44	0
1.66	-21.45	0
1.68	-21.44	0
1.7	-21.44	0
1.72	-21.44	0
1.74	-21.44	0
1.76	-21.45	0
1.78	-21.44	0
1.8	-21.45	0
1.82	-21.44	0
1.84	-21.43	0
1.86	-21.44	0
1.88	-21.45	0
1.9	-21.45	0
1.92	-21.44	0
1.94	-21.45	0
1.96	-21.45	0
1.98	-21.44	0
2	-21.45	0
2.02	-21.45	0
2.04	-21.45	0
2.06	-21.45	0
2.08	-21.45	0
2.1	-21.44	0
2.12	-21.44	0
2.14	-21.45	0
2.16	-21.44	0
2.18	-21.45	0
2.2	-21.45	0
2.22	-21.44	0
2.24	-21.44	0
2.26	-21.45	0
2.28	-21.44	0
2.3	-21.45	0
2.32	-21.45	0
2.34	-21.44	0
2.36	-21.44	0
2.38	-21.44	0
2.4	-21.44	0
2.42	-21.44	0
2.44	-21.44	0
2.46	-21.44	0
2.48	-21.44	0
2.5	-21.44	0
2.52	-21.44	0
2.54	-21.45	0
2.56	-21.44	0
2.58	-21.44	0
2.6	-21.43	0
2.62	-21.44	0
2.64	-21.44	0
2.66	-21.44	0
2.68	-21.44	0
2.7	-21.45	0
2.72	-21.45	0
2.74	-21.45	0
2.76	-21.45	0
2.78	-21.44	0
2.8	-21.44	0
2.82	-21.44	0
2.84	-21.44	0
2.86	-21.44	0
2.88	-21.45	0
2.9	-21.43	0
2.92	-21.43	0
2.94	-21.45	0
2.96	-21.44	0
2.98	-21.43	0
3	-21.45	0
3.02	-21.44	0
3.04	-21.43	0
3.06	-21.44	0
3.08	-21.45	0
3.1	-21.44	0
3.12	-21.44	0
3.14	-21.44	0
3.16	-21.44	0
3.18	-21.44	0
3.2	-21.45	0
3.22	-21.44	0
3.24	-21.44	0
3.26	-21.44	0
3.28	-21.44	0
3.3	-21.44	0
3.32	-21.45	0
3.34	-21.44	0
3.36	-21.44	0
3.38	-21.45	0
3.4	-21.45	0
3.42	-21.44	0
3.44	-21.44	0
3.46	-21.45	0
3.48	-21.45	0
3.5	-21.44	0
3.52	-21.45	0
3.54	-21.45	0
3.56	-21.44	0
3.58	-21.45	0
3.6	-21.45	0
3.62	-21.45	0
3.64	-21.44	0
3.66	-21.45	0
3.68	-21.45	0
3.7	-21.45	0
3.72	-21.45	0
3.74	-21.45	0
3.76	-21.45	0
3.78	-21.44	0
3.8	-21.44	0
3.82	-21.44	0
3.84	-21.44	0
3.86	-21.44	0
3.88	-21.45	0
3.9	-21.45	0
3.92	-21.45	0
3.94	-21.44	0
3.96	-21.44	0
3.98	-21.43	0
4	-21.44	0
4.02	-21.45	0
4.04	-21.44	0
4.06	-21.44	0
4.08	-21.45	0
4.1	-21.45	0
4.12	-21.45	0
4.14	-21.45	0
4.16	-21.45	0
4.18	-21.45	0
4.2	-21.44	0
4.22	-21.44	0
4.24	-21.45	0
4.26	-21.45	0
4.28	-21.44	0
4.3	-21.44	0
4.32	-21.45	0
4.34	-21.45	0
4.36	-21.45	0
4.38	-21.45	0
4.4	-21.45	0
4.42	-21.45	0
4.44	-21.44	0
4.46	-21.45	0
4.48	-21.44	0
4.5	-21.44	0
4.52	-21.44	0
4.54	-21.45	0
4.56	-21.44	0
4.58	-21.44	0
4.6	-21.44	0
4.62	-21.44	0
4.64	-21.44	0
4.66	-21.45	0
4.68	-21.44	0
4.7	-21.44	0
4.72	-21.44	0
4.74	-21.44	0
4.76	-21.45	0
4.78	-21.45	0
4.8	-21.44	0
4.82	-21.45	0
4.84	-21.45	0
4.86	-21.45	0
4.88	-21.44	0
4.9	-21.45	0
4.92	-21.45	0
4.94	-21.45	0
4.96	-21.44	0
4.98	-21.45	0
5	-21.44	0
5.02	-21.45	0
5.04	-21.45	0
5.06	-21.45	0
5.08	-21.44	0
5.1	-21.44	0
5.12	-21.44	0
5.14	-21.44	0
5.16	-21.44	0
5.18	-21.45	0
5.2	-21.43	0
5.22	-21.44	0
5.24	-21.44	0
5.26	-21.44	0
5.28	-21.44	0
5.3	-21.44	0
5.32	-21.44	0
5.34	-21.44	0
5.36	-21.44	0
5.38	-21.44	0
5.4	-21.44	0
5.42	-21.44	0
5.44	-21.45	0
5.46	-21.44	0
5.48	-21.44	0
5.5	-21.44	0
5.52	-21.43	0
5.54	-21.44	0
5.56	-21.44	0
5.58	-21.44	0
5.6	-21.44	0
5.62	-21.44	0
5.64	-21.44	0
5.66	-21.45	0
5.68	-21.44	0
5.7	-21.45	0
5.72	-21.44	0
5.74	-21.44	0
5.76	-21.45	0
5.78	-21.44	0
5.8	-21.44	0
5.82	-21.44	0
5.84	-21.45	0
5.86	-21.45	0
5.88	-21.45	0
5.9	-21.44	0
5.92	-21.45	0
5.94	-21.45	0
5.96	-21.44	0
5.98	-21.44	0
6	-21.45	0
6.02	-21.45	0
6.04	-21.45	0
6.06	-21.45	0
6.08	-21.45	0
6.1	-21.44	0
6.12	-21.44	0
6.14	-21.44	0
6.16	-21.44	0
6.18	-21.43	0
6.2	-21.44	0
6.22	-21.44	0
6.24	-21.44	0
6.26	-21.45	0
6.28	-21.44	0
6.3	-21.45	0
6.32	-21.44	0
6.34	-21.44	0
6.36	-21.45	0
6.38	-21.44	0
6.4	-21.44	0
6.42	-21.44	0
6.44	-21.44	0
6.46	-21.43	0
6.48	-21.44	0
6.5	-21.44	0
6.52	-21.44	0
6.54	-21.44	0
6.56	-21.44	0
6.58	-21.44	0
6.6	-21.44	0
6.62	-21.47	0
6.64	-21.34	0
6.66	-21.43	0
6.68	-21.44	0
6.7	-21.27	0
6.72	-21.56	0
6.74	-21.34	0
6.76	-21.43	0
6.78	-21.48	0
6.8	-21.36	0
6.82	-21.42	0
6.84	-21.47	0
6.86	-21.31	0
6.88	-21.53	0
6.9	-21.35	0
6.92	-21.44	0
6.94	-21.43	0
6.96	-21.44	0
6.98	-21.43	0
7	-21.47	0
7.02	-21.43	0
7.04	-21.46	0
7.06	-21.43	0
7.08	-21.44	0
7.1	-21.45	0
7.12	-21.43	0
7.14	-21.42	0
7.16	-21.45	0
7.18	-21.44	0
7.2	-21.44	0
7.22	-21.45	0
7.24	-21.44	0
7.26	-21.44	0
7.28	-21.43	0
7.3	-21.43	0
7.32	-21.41	0
7.34	-21.43	0
7.36	-21.45	0
7.38	-21.44	0
7.4	-21.53	0
7.42	-21.56	0
7.44	-21.56	0
7.46	-21.51	0
7.48	-21.42	0
7.5	-21.47	0
7.52	-21.53	0
7.54	-21.57	0
7.56	-21.6	0
7.58	-21.65	0
7.6	-21.64	0
7.62	-21.64	0
7.64	-21.57	0
7.66	-21.6	0
7.68	-21.55	0
7.7	-21.53	0
7.72	-21.44	0
7.74	-21.46	0
7.76	-21.42	0
7.78	-21.42	0
7.8	-21.35	0
7.82	-21.35	0
7.84	-21.39	0
7.86	-21.35	0
7.88	-21.3	0
7.9	-21.32	0
7.92	-21.3	0
7.94	-21.26	0
7.96	-21.24	0
7.98	-21.22	0
8	-21.23	0
8.02	-21.29	0
8.04	-21.29	0
8.06	-21.27	0
8.08	-21.26	0
8.1	-21.24	0
8.12	-21.23	0
8.14	-21.24	0
8.16	-21.29	0
8.18	-21.29	0
8.2	-21.29	0
8.22	-21.3	0
8.24	-21.32	0
8.26	-21.31	0
8.28	-21.24	0
8.3	-21.15	0
8.32	-21.01	0
8.34	-20.98	0
8.36	-20.85	0
8.38	-20.64	0
8.4	-20.51	0
8.42	-20.31	0
8.44	-20.21	0
8.46	-20.11	0
8.48	-20	0
8.5	-19.93	0
8.52	-19.82	0
8.54	-19.71	0
8.56	-19.64	0
8.58	-19.46	0
8.6	-19.38	0
8.62	-19.33	0
8.64	-19.26	0
8.66	-19.26	0
8.68	-19.19	0
8.7	-19.17	0
8.72	-19.14	0
8.74	-19.15	0
8.76	-19.13	0
8.78	-19.16	0
8.8	-19.17	0
8.82	-19.16	0
8.84	-19.22	0
8.86	-19.2	0
8.88	-19.17	0
8.9	-19.12	0
8.92	-19.06	0
8.94	-18.98	0
8.96	-18.96	0
8.98	-18.89	0
9	-18.83	0
9.02	-18.76	0
9.04	-18.7	0
9.06	-18.65	0
9.08	-18.56	0
9.1	-18.53	0
9.12	-18.51	0
9.14	-18.51	0
9.16	-18.52	0
9.18	-18.52	0
9.2	-18.58	0
9.22	-18.61	0
9.24	-18.65	0
9.26	-18.66	0
9.28	-18.73	0
9.3	-18.77	0
9.32	-18.8	0
9.34	-18.83	0
9.36	-18.88	0
9.38	-18.87	0
9.4	-18.91	0
9.42	-18.94	0
9.44	-18.98	0
9.46	-18.98	0
9.48	-19.02	0
9.5	-19.01	0
9.52	-19.05	0
9.54	-19.11	0
9.56	-19.11	0
9.58	-19.14	0
9.6	-19.17	0
9.62	-19.18	0
9.64	-19.21	0
9.66	-19.21	0
9.68	-19.25	0
9.7	-19.25	0
9.72	-19.28	0
9.74	-19.33	0
9.76	-19.38	0
9.78	-19.41	0
9.8	-19.44	0
9.82	-19.46	0
9.84	-19.49	0
9.86	-19.52	0
9.88	-19.55	0
9.9	-19.57	0
9.92	-19.58	0
9.94	-19.63	0
9.96	-19.65	0
9.98	-19.7	0
10	-19.71	0
10.02	-19.74	0
10.04	-19.78	0
10.06	-19.84	0
10.08	-19.91	0
10.1	-19.94	0
10.12	-20	0
10.14	-20.05	0
10.16	-20.08	0
10.18	-20.13	0
10.2	-20.16	0
10.22	-20.18	0
10.24	-20.24	0
10.26	-20.26	0
10.28	-20.29	0
10.3	-20.32	0
10.32	-20.36	0
10.34	-20.38	0
10.36	-20.39	0
10.38	-20.4	0
10.4	-20.43	0
10.42	-20.44	0
10.44	-20.45	0
10.46	-20.43	0
10.48	-20.44	0
10.5	-20.43	0
10.52	-20.42	0
10.54	-20.41	0
10.56	-20.39	0
10.58	-20.38	0
10.6	-20.39	0
10.62	-20.35	0
10.64	-20.32	0
10.66	-20.32	0
10.68	-20.27	0
10.7	-20.27	0
10.72	-20.2	0
10.74	-20.19	0
10.76	-20.18	0
10.78	-20.15	0
10.8	-20.12	0
10.82	-20.08	0
10.84	-20.02	0
10.86	-20.03	0
10.88	-20.02	0
10.9	-20.01	0
10.92	-19.96	0
10.94	-19.93	0
10.96	-19.93	0
10.98	-19.9	0
11	-19.86	0
11.02	-19.86	0
11.04	-19.8	0
11.06	-19.8	0
11.08	-19.81	0
11.1	-19.78	0
11.12	-19.79	0
11.14	-19.73	0
11.16	-19.71	0
11.18	-19.69	0
11.2	-19.68	0
11.22	-19.66	0
11.24	-19.6	0
11.26	-19.59	0
11.28	-19.59	0
11.3	-19.54	0
11.32	-19.54	0
11.34	-19.5	0
11.36	-19.5	0
11.38	-19.48	0
11.4	-19.49	0
11.42	-19.47	0
11.44	-19.44	0
11.46	-19.45	0
11.48	-19.45	0
11.5	-19.45	0
11.52	-19.45	0
11.54	-19.44	0
11.56	-19.43	0
11.58	-19.43	0
11.6	-19.44	0
11.62	-19.42	0
11.64	-19.42	0
11.66	-19.43	0
11.68	-19.43	0
11.7	-19.44	0
11.72	-19.44	0
11.74	-19.44	0
11.76	-19.45	0
11.78	-19.47	0
11.8	-19.47	0
11.82	-19.48	0
11.84	-19.5	0
11.86	-19.5	0
11.88	-19.5	0
11.9	-19.5	0
11.92	-19.49	0
11.94	-19.47	0
11.96	-19.46	0
11.98	-19.45	-0
12	-19.45	0.006243
12.02	-19.46	0.02253
12.04	-19.4	0.0388
12.06	-19.39	0.06052
12.08	-19.36	0.07679
12.1	-19.33	0.1148
12.12	-19.27	0.1473
12.14	-19.18	0.1745
12.16	-19.09	0.1907
12.18	-18.94	0.2179
12.2	-18.77	0.2342
12.22	-18.62	0.2721
12.24	-18.33	0.3101
12.26	-18.07	0.3372
12.28	-17.71	0.3535
12.3	-17.42	0.3807
12.32	-17.08	0.4078
12.34	-16.51	0.4241
12.36	-16.07	0.4349
12.38	-15.38	0.4512
12.4	-14.88	0.462
12.42	-14.35	0.462
12.44	-13.49	0.462
12.46	-12.84	0.4675
12.48	-11.88	0.4837
12.5	-11.2	0.5
12.52	-10.49	0.5
12.54	-9.377	0.5
12.56	-8.655	0.5
12.58	-7.479	0.5
12.6	-6.668	0.5
12.62	-5.428	0.5
12.64	-4.572	0.5
12.66	-3.725	0.5
12.68	-2.443	0.5
12.7	-1.544	0.5
12.72	-0.6674	0.5
12.74	0.67	0.5
12.76	1.565	0.5
12.78	2.939	0.5
12.8	3.832	0.5
12.82	4.768	0.5
12.84	6.125	0.5
12.86	7.064	0.5
12.88	8.436	0.5
12.9	9.338	0.5
12.92	10.29	0.5
12.94	11.65	0.5
12.96	12.55	0.5
12.98	13.92	0.5
13	14.86	0.5
13.02	16.22	0.5
13.04	17.12	0.5
13.06	18.03	0.5
13.08	19.39	0.5
13.1	20.3	0.5
13.12	21.19	0.5
13.14	22.53	0.5
13.16	23.44	0.5
13.18	24.76	0.5
13.2	25.65	0.5
13.22	26.56	0.5
13.24	27.88	0.5
13.26	28.77	0.5
13.28	30.11	0.5
13.3	30.99	0.5
13.32	31.87	0.5
13.34	33.19	0.5
13.36	34.08	0.5
13.38	35.39	0.4946
13.4	36.28	0.4783
13.42	37.16	0.4349
13.44	38.46	0.3807
13.46	39.29	0.3101
13.48	40.57	0.2613
13.5	41.41	0.2287
13.52	42.14	0.2179
13.54	43.2	0.1907
13.56	43.84	0.1745
13.58	44.73	0.1473
13.6	45.3	0.08765
13.62	45.81	0.06052
13.64	46.56	0.0388
13.66	46.97	0.02253
13.68	47.58	-0
13.7	47.9	-0
13.72	48.15	-0
13.74	48.48	-0
13.76	48.67	-0
13.78	48.89	-0
13.8	48.99	-0
13.82	49.1	-0
13.84	49.2	-0
13.86	49.28	-0
13.88	49.3	-0.0008136
13.9	49.32	-0.0008136
13.92	49.28	-0.0008136
13.94	49.26	-0.006227
13.96	49.2	-0.006227
13.98	49.1	-0.006227
14	49.02	-0.02251
14.02	48.95	-0.02794
14.04	48.86	-0.03336
14.06	48.75	-0.04964
14.08	48.62	-0.06591
14.1	48.49	-0.08763
14.12	48.38	-0.09847
14.14	48.17	-0.1093
14.16	48.04	-0.1093
14.18	47.79	-0.1093
14.2	47.63	-0.1093
14.22	47.46	-0.1148
14.24	47.17	-0.1202
14.26	46.97	-0.131
14.28	46.68	-0.1365
14.3	46.44	-0.1473
14.32	46.21	-0.1527
14.34	45.88	-0.2233
14.36	45.66	-0.2667
14.38	45.28	-0.3047
14.4	45.03	-0.321
14.42	44.7	-0.3264
14.44	44.11	-0.3264
14.46	43.75	-0.3264
14.48	43.1	-0.3047
14.5	42.62	-0.2992
14.52	42.13	-0.2884
14.54	41.42	-0.283
14.56	40.93	-0.283
14.58	40.17	-0.283
14.6	39.69	-0.283
14.62	39.21	-0.283
14.64	38.43	-0.283
14.66	37.92	-0.283
14.68	37.13	-0.283
14.7	36.63	-0.283
14.72	36.08	-0.283
14.74	35.29	-0.283
14.76	34.76	-0.283
14.78	33.98	-0.2992
14.8	33.44	-0.3047
14.82	32.91	-0.3047
14.84	32.09	-0.3101
14.86	31.55	-0.321
14.88	30.73	-0.321
14.9	30.2	-0.321
14.92	29.63	-0.321
14.94	28.79	-0.321
14.96	28.22	-0.321
14.98	27.34	-0.3264
15	26.8	-0.3264
15.02	26.2	-0.3318
15.04	25.33	-0.3318
15.06	24.75	-0.3427
15.08	23.91	-0.3427
15.1	23.31	-0.3481
15.12	22.7	-0.3481
15.14	21.8	-0.3481
15.16	21.19	-0.3535
15.18	20.32	-0.3644
15.2	19.7	-0.3806
15.22	19.1	-0.3806
15.24	18.16	-0.3806
15.26	17.55	-0.3806
15.28	16.64	-0.3806
15.3	15.98	-0.3806
15.32	14.98	-0.3806
15.34	14.34	-0.3915
15.36	13.71	-0.4132
15.38	12.72	-0.4457
15.4	12.04	-0.4675
15.42	11.05	-0.4729
15.44	10.35	-0.4729
15.46	9.653	-0.4729
15.48	8.516	-0.4729
15.5	7.769	-0.4729
15.52	7.016	-0.4729
15.54	5.861	-0.4729
15.56	5.051	-0.4729
15.58	3.863	-0.4729
15.6	3.072	-0.4729
15.62	2.261	-0.4729
15.64	1.05	-0.4729
15.66	0.227	-0.4729
15.68	-0.9803	-0.4729
15.7	-1.806	-0.4729
15.72	-2.645	-0.4729
15.74	-3.879	-0.4729
15.76	-4.712	-0.4729
15.78	-5.968	-0.4729
15.8	-6.789	-0.4729
15.82	-7.642	-0.4729
15.84	-8.878	-0.4729
15.86	-9.708	-0.4729
15.88	-10.98	-0.4729
15.9	-11.84	-0.4729
15.92	-13.08	-0.4729
15.94	-13.91	-0.4729
15.96	-14.73	-0.4729
15.98	-16.01	-0.4729
16	-16.82	-0.4783
16.02	-17.66	-0.4783
16.04	-18.9	-0.4783
16.06	-19.73	-0.4783
16.08	-20.97	-0.4783
16.1	-21.8	-0.4783
16.12	-23	-0.4783
16.14	-23.81	-0.4783
16.16	-24.65	-0.4892
16.18	-25.87	-0.4892
16.2	-26.67	-0.4892
16.22	-27.9	-0.4946
16.24	-28.7	-0.5
16.26	-29.53	-0.5
16.28	-30.77	-0.5
16.3	-31.62	-0.5
16.32	-32.45	-0.5
16.34	-33.7	-0.5
16.36	-34.57	-0.5
16.38	-35.84	-0.5
16.4	-36.7	-0.5
16.42	-37.94	-0.5
16.44	-38.77	-0.5
16.46	-39.62	-0.5
16.48	-40.9	-0.5
16.5	-41.75	-0.5
16.52	-42.59	-0.5
16.54	-43.84	-0.5
16.56	-44.68	-0.5
16.58	-45.97	-0.5
16.6	-46.81	-0.5
16.62	-47.66	-0.5
16.64	-48.92	-0.5
16.66	-49.77	-0.5
16.68	-51.08	-0.5
16.7	-51.94	-0.5
16.72	-52.81	-0.5
16.74	-54.05	-0.5
16.76	-54.91	-0.5
16.78	-56.21	-0.5
16.8	-57.06	-0.5
16.82	-57.91	-0.5
16.84	-59.2	-0.5
16.86	-60.06	-0.5
16.88	-61.34	-0.5
16.9	-62.21	-0.5
16.92	-63.08	-0.5
16.94	-64.36	-0.5
16.96	-65.22	-0.5
16.98	-66.5	-0.5
17	-67.36	-0.4946
17.02	-68.24	-0.3861
17.04	-69.54	-0.2613
17.06	-70.42	-0.0008136
17.08	-71.69	-0
17.1	-72.47	-0
17.12	-73.16	-0
17.14	-74.12	-0
17.16	-74.73	-0
17.18	-75.55	-0
17.2	-76.04	-0
17.22	-76.51	0.06052
17.24	-77.13	0.1148
17.26	-77.51	0.1582
17.28	-78	0.1745
17.3	-78.25	0.2124
17.32	-78.46	0.2342
17.34	-78.65	0.2613
17.36	-78.7	0.283
17.38	-78.71	0.2993
17.4	-78.61	0.2993
17.42	-78.49	0.2993
17.44	-78.2	0.2993
17.46	-77.94	0.3101
17.48	-77.51	0.3101
17.5	-77.17	0.3101
17.52	-76.81	0.3101
17.54	-76.21	0.3101
17.56	-75.74	0.3101
17.58	-75.04	0.3101
17.6	-74.55	0.3101
17.62	-74.03	0.3101
17.64	-73.22	0.3155
17.66	-72.68	0.3155
17.68	-71.82	0.3155
17.7	-71.23	0.3155
17.72	-70.65	0.3155
17.74	-69.74	0.3264
17.76	-69.14	0.3372
17.78	-68.22	0.3535
17.8	-67.6	0.3589
17.82	-66.65	0.3698
17.84	-66.02	0.3698
17.86	-65.35	0.3698
17.88	-64.37	0.3698
17.9	-63.69	0.3698
17.92	-62.67	0.3698
17.94	-62.01	0.3698
17.96	-61.34	0.3698
17.98	-60.32	0.3698
18	-59.65	0.3698
18.02	-58.98	0.3698
18.04	-57.97	0.3698
18.06	-57.3	0.3698
18.08	-56.29	0.3698
18.1	-55.6	0.3698
18.12	-54.94	0.3698
18.14	-53.95	0.3698
18.16	-53.28	0.3698
18.18	-52.27	0.3698
18.2	-51.6	0.3698
18.22	-50.93	0.3698
18.24	-49.93	0.3698
18.26	-49.27	0.3698
18.28	-48.29	0.3698
18.3	-47.63	0.3698
18.32	-46.97	0.3698
18.34	-46.01	0.3698
18.36	-45.36	0.3698
18.38	-44.38	0.3807
18.4	-43.74	0.3807
18.42	-43.12	0.3861
18.44	-42.18	0.3861
18.46	-41.53	0.3861
18.48	-40.55	0.3861
18.5	-39.89	0.3969
18.52	-39.25	0.3969
18.54	-38.27	0.3969
18.56	-37.63	0.3969
18.58	-36.64	0.3969
18.6	-35.99	0.3969
18.62	-35	0.3969
18.64	-34.35	0.3969
18.66	-33.69	0.3969
18.68	-32.71	0.3969
18.7	-32.05	0.3969
18.72	-31.4	0.4078
18.74	-30.42	0.4078
18.76	-29.77	0.4132
18.78	-28.79	0.4132
18.8	-28.12	0.4241
18.82	-27.47	0.4241
18.84	-26.49	0.4241
18.86	-25.81	0.4241
18.88	-24.79	0.4241
18.9	-24.12	0.4241
18.92	-23.11	0.4349
18.94	-22.43	0.4349
18.96	-21.74	0.4403
18.98	-20.67	0.4403
19	-19.98	0.4403
19.02	-19.28	0.4403
19.04	-18.23	0.4403
19.06	-17.52	0.4512
19.08	-16.45	0.4512
19.1	-15.73	0.4512
19.12	-15	0.462
19.14	-13.9	0.462
19.16	-13.18	0.462
19.18	-12.08	0.4675
19.2	-11.33	0.4675
19.22	-10.18	0.4837
19.24	-9.426	0.4946
19.26	-8.681	0.4946
19.28	-7.526	0.5
19.3	-6.749	0.5
19.32	-5.956	0.5
19.34	-4.766	0.5
19.36	-3.955	0.5
19.38	-2.726	0.5
19.4	-1.898	0.5
19.42	-1.07	0.5
19.44	0.201	0.5
19.46	1.057	0.5
19.48	2.322	0.5
19.5	3.168	0.5
19.52	4.458	0.5
19.54	5.322	0.5
19.56	6.169	0.5
19.58	7.476	0.5
19.6	8.338	0.5
19.62	9.631	0.5
19.64	10.5	0.5
19.66	11.34	0.5
19.68	12.64	0.5
19.7	13.51	0.5
19.72	14.38	0.5
19.74	15.66	0.5
19.76	16.53	0.5
19.78	17.81	0.5
19.8	18.66	0.5
19.82	19.53	0.5
19.84	20.83	0.5
19.86	21.68	0.5
19.88	22.97	0.5
19.9	23.84	0.5
19.92	25.12	0.5
19.94	25.96	0.5
19.96	26.81	0.5
19.98	28.1	0.5
20	28.95	0.5
20.02	30.22	0.5
20.04	31.06	0.5
20.06	31.91	0.5
20.08	33.18	0.4837
20.1	34.01	0.4675
20.12	34.85	0.4403
20.14	36.1	0.3807
20.16	36.91	0.3101
20.18	38.12	0.1582
20.2	38.9	0.06593
20.22	39.66	-0
20.24	40.65	-0
20.26	41.15	-0
20.28	41.84	-0
20.3	42.22	-0
20.32	42.54	-0
20.34	43	-0.006227
20.36	43.26	-0.01166
20.38	43.59	-0.01166
20.4	43.77	-0.02251
20.42	43.93	-0.05507
20.44	44.1	-0.07677
20.46	44.16	-0.1148
20.48	44.23	-0.1365
20.5	44.23	-0.1527
20.52	44.19	-0.169
20.54	44.02	-0.1961
20.56	43.87	-0.2233
20.58	43.57	-0.2558
20.6	43.34	-0.283
20.62	43.09	-0.3101
20.64	42.61	-0.3101
20.66	42.22	-0.3101
20.68	41.59	-0.3101
20.7	41.14	-0.321
20.72	40.64	-0.3318
20.74	39.87	-0.3535
20.76	39.33	-0.3698
20.78	38.46	-0.3915
20.8	37.86	-0.4078
20.82	37.24	-0.424
20.84	36.28	-0.4295
20.86	35.57	-0.4349
20.88	34.49	-0.4349
20.9	33.73	-0.4349
20.92	32.57	-0.4457
20.94	31.77	-0.4457
20.96	30.96	-0.4457
20.98	29.71	-0.4457
21	28.88	-0.4457
21.02	28	-0.4457
21.04	26.71	-0.4457
21.06	25.83	-0.4566
21.08	24.51	-0.4675
21.1	23.64	-0.4729
21.12	22.3	-0.4729
21.14	21.43	-0.4729
21.16	20.51	-0.4729
21.18	19.17	-0.4729
21.2	18.24	-0.4729
21.22	17.35	-0.4729
21.24	15.98	-0.4729
21.26	15.09	-0.4729
21.28	14.17	-0.4729
21.3	12.82	-0.4729
21.32	11.91	-0.4729
21.34	10.56	-0.4729
21.36	9.649	-0.4729
21.38	8.322	-0.4729
21.4	7.446	-0.4729
21.42	6.549	-0.4783
21.44	5.208	-0.4892
21.46	4.346	-0.5
21.48	3.04	-0.5
21.5	2.167	-0.5
21.52	1.301	-0.5
21.54	-0.02286	-0.5
21.56	-0.8815	-0.5
21.58	-2.193	-0.5
21.6	-3.065	-0.5
21.62	-3.918	-0.5
21.64	-4.772	-0.5
21.66	-6.057	-0.5
21.68	-7.32	-0.5
21.7	-8.171	-0.5
21.72	-8.994	-0.5
21.74	-9.833	-0.5
21.76	-11.08	-0.5
21.78	-12.32	-0.5
21.8	-13.15	-0.5
21.82	-14.37	-0.5
21.84	-15.19	-0.5
21.86	-16	-0.5
21.88	-17.21	-0.5
21.9	-18.01	-0.5
21.92	-19.23	-0.5
21.94	-20.04	-0.5
21.96	-20.83	-0.5
21.98	-22.04	-0.5
22	-22.83	-0.5
22.02	-23.62	-0.5
22.04	-24.41	-0.5
22.06	-25.6	-0.5
22.08	-26.76	-0.5
22.1	-27.54	-0.5
22.12	-28.33	-0.5
22.14	-29.49	-0.5
22.16	-30.25	-0.5
22.18	-31.42	-0.5
22.2	-32.19	-0.5
22.22	-33.35	-0.5
22.24	-34.13	-0.5
22.26	-34.92	-0.5
22.28	-36.08	-0.5
22.3	-36.88	-0.5
22.32	-37.65	-0.5
22.34	-38.82	-0.5
22.36	-39.59	-0.5
22.38	-40.76	-0.5
22.4	-41.55	-0.5
22.42	-42.33	-0.5
22.44	-43.51	-0.5
22.46	-44.31	-0.5
22.48	-45.5	-0.5
22.5	-46.29	-0.5
22.52	-47.51	-0.5
22.54	-48.29	-0.5
22.56	-49.1	-0.5
22.58	-50.3	-0.5
22.6	-51.1	-0.5
22.62	-51.9	-0.5
22.64	-53.1	-0.5
22.66	-53.9	-0.5
22.68	-55.09	-0.5
22.7	-55.91	-0.5
22.72	-56.72	-0.5
22.74	-57.94	-0.5
22.76	-58.74	-0.5
22.78	-59.98	-0.5
22.8	-60.79	-0.5
22.82	-62.02	-0.5
22.84	-62.85	-0.4512
22.86	-63.67	-0.3861
22.88	-64.92	-0.3318
22.9	-65.72	-0.2395
22.92	-66.9	-0.1202
22.94	-67.63	-0
22.96	-68.33	-0
22.98	-69.22	-0
23	-69.68	-0
23.02	-70.29	-0
23.04	-70.7	-0
23.06	-71.04	-0
23.08	-71.47	-0
23.1	-71.7	-0
23.12	-71.98	-0
23.14	-72.15	0.03337
23.16	-72.3	0.09306
23.18	-72.45	0.1365
23.2	-72.52	0.1365
23.22	-72.55	0.1365
23.24	-72.49	0.1473
23.26	-72.39	0.1473
23.28	-72.18	0.1636
23.3	-72	0.1907
23.32	-71.7	0.2179
23.34	-71.47	0.2559
23.36	-71.2	0.2721
23.38	-70.76	0.2993
23.4	-70.4	0.3155
23.42	-69.99	0.3427
23.44	-69.35	0.3535
23.46	-68.87	0.3861
23.48	-68.11	0.4078
23.5	-67.54	0.4078
23.52	-66.93	0.4078
23.54	-66	0.4078
23.56	-65.28	0.4078
23.58	-64.24	0.4078
23.6	-63.51	0.4078
23.62	-62.75	0.4078
23.64	-61.62	0.4078
23.66	-60.81	0.4078
23.68	-59.62	0.4078
23.7	-58.82	0.4078
23.72	-57.57	0.4078
23.74	-56.75	0.4078
23.76	-55.91	0.4078
23.78	-54.66	0.4078
23.8	-53.82	0.4078
23.82	-52.56	0.4078
23.84	-51.72	0.4078
23.86	-50.86	0.4078
23.88	-49.61	0.4078
23.9	-48.76	0.4078
23.92	-47.52	0.4078
23.94	-46.71	0.4078
23.96	-45.88	0.4078
23.98	-44.66	0.4078
24	-43.85	0.4078
24.02	-42.67	0.4078
24.04	-41.88	0.4078
24.06	-41.1	0.4078
24.08	-39.94	0.4078
24.1	-39.19	0.4132
24.12	-38.06	0.4132
24.14	-37.33	0.4241
24.16	-36.6	0.4241
24.18	-35.51	0.4241
24.2	-34.81	0.4241
24.22	-34.08	0.4241
24.24	-33.02	0.4241
24.26	-32.31	0.4349
24.28	-31.25	0.4349
24.3	-30.54	0.4403
24.32	-29.5	0.4512
24.34	-28.79	0.462
24.36	-28.09	0.4675
24.38	-27.04	0.4675
24.4	-26.3	0.4675
24.42	-25.24	0.4675
24.44	-24.5	0.4675
24.46	-23.77	0.4783
24.48	-22.68	0.4783
24.5	-21.95	0.4783
24.52	-21.22	0.4783
24.54	-20.11	0.4783
24.56	-19.38	0.4783
24.58	-18.25	0.4837
24.6	-17.52	0.4946
24.62	-16.76	0.4946
24.64	-15.61	0.5
24.66	-14.86	0.5
24.68	-13.68	0.5
24.7	-12.9	0.5
24.72	-11.72	0.5
24.74	-10.91	0.5
24.76	-10.11	0.5
24.78	-8.902	0.5
24.8	-8.099	0.5
24.82	-7.291	0.5
24.84	-6.063	0.5
24.86	-5.247	0.5
24.88	-4.002	0.5
24.9	-3.179	0.5
24.92	-2.336	0.5
24.94	-1.066	0.5
24.96	-0.2268	0.5
24.98	1.042	0.5
25	1.892	0.5
25.02	3.151	0.5
25.04	4.004	0.5
25.06	4.853	0.5
25.08	6.128	0.5
25.1	6.958	0.5
25.12	7.826	0.5
25.14	9.109	0.5
25.16	9.973	0.5
25.18	11.25	0.5
25.2	12.13	0.5
25.22	12.97	0.5
25.24	14.27	0.5
25.26	15.12	0.5
25.28	16.42	0.5
25.3	17.28	0.5
25.32	18.57	0.5
25.34	19.43	0.5
25.36	20.28	0.5
25.38	21.58	0.5
25.4	22.42	0.4837
25.42	23.27	0.462
25.44	24.57	0.4349
25.46	25.4	0.4078
25.48	26.67	0.3807
25.5	27.49	0.3589
25.52	28.31	0.3372
25.54	29.48	0.245
25.56	30.23	0.1745
25.58	31.29	0.07679
25.6	31.99	-0
25.62	32.93	-0
25.64	33.48	-0
25.66	33.96	-0
25.68	34.65	-0
25.7	35.07	-0
25.72	35.41	-0
25.74	35.92	-0
25.76	36.21	-0
25.78	36.59	-0
25.8	36.81	-0
25.82	37.07	-0.02251
25.84	37.22	-0.04964
25.86	37.34	-0.07134
25.88	37.47	-0.09304
25.9	37.53	-0.131
25.92	37.55	-0.1582
25.94	37.51	-0.2178
25.96	37.44	-0.2395
25.98	37.21	-0.283
26	37.04	-0.3047
26.02	36.81	-0.321
26.04	36.53	-0.3264
26.06	36.04	-0.3318
26.08	35.44	-0.3318
26.1	34.98	-0.3535
26.12	34.53	-0.3861
26.14	33.77	-0.424
26.16	33.21	-0.4349
26.18	32.36	-0.4457
26.2	31.75	-0.4457
26.22	31.09	-0.4457
26.24	30.03	-0.4457
26.26	29.27	-0.4457
26.28	28.14	-0.4457
26.3	27.37	-0.4457
26.32	26.54	-0.4457
26.34	25.3	-0.4457
26.36	24.46	-0.4457
26.38	23.16	-0.4457
26.4	22.3	-0.4457
26.42	21	-0.4457
26.44	20.11	-0.4457
26.46	19.24	-0.4457
26.48	17.91	-0.4512
26.5	17.01	-0.4566
26.52	16.11	-0.4566
26.54	14.8	-0.4566
26.56	13.91	-0.4566
26.58	12.59	-0.4566
26.6	11.71	-0.4566
26.62	10.39	-0.4566
26.64	9.535	-0.4566
26.66	8.669	-0.4566
26.68	7.366	-0.4566
26.7	6.52	-0.4566
26.72	5.235	-0.4566
26.74	4.381	-0.4566
26.76	3.558	-0.4566
26.78	2.28	-0.4566
26.8	1.452	-0.4566
26.82	0.6293	-0.4566
26.84	-0.601	-0.4566
26.86	-1.416	-0.4566
26.88	-2.646	-0.4566
26.9	-3.453	-0.4566
26.92	-4.668	-0.4566
26.94	-5.482	-0.4566
26.96	-6.28	-0.4566
26.98	-7.478	-0.4729
27	-8.283	-0.5
27.02	-9.081	-0.5
27.04	-10.29	-0.5
27.06	-11.1	-0.5
27.08	-12.35	-0.5
27.1	-13.18	-0.5
27.12	-14.42	-0.5
27.14	-15.27	-0.5
27.16	-16.1	-0.5
27.18	-17.34	-0.5
27.2	-18.2	-0.5
27.22	-19.02	-0.5
27.24	-20.28	-0.5
27.26	-21.1	-0.5
27.28	-22.35	-0.5
27.3	-23.19	-0.5
27.32	-24	-0.5
27.34	-25.23	-0.5
27.36	-26.05	-0.5
27.38	-27.27	-0.5
27.4	-28.08	-0.5
27.42	-29.28	-0.5
27.44	-30.1	-0.5
27.46	-30.94	-0.5
27.48	-32.15	-0.4946
27.5	-33	-0.4892
27.52	-34.25	-0.4892
27.54	-35.1	-0.4783
27.56	-35.93	-0.4675
27.58	-37.17	-0.4512
27.6	-37.99	-0.4349
27.62	-39.23	-0.4295
27.64	-40.05	-0.424
27.66	-40.87	-0.4132
27.68	-42.08	-0.4132
27.7	-42.87	-0.4132
27.72	-43.65	-0.4132
27.74	-44.83	-0.4132
27.76	-45.61	-0.4132
27.78	-46.78	-0.4132
27.8	-47.54	-0.4132
27.82	-48.69	-0.4023
27.84	-49.46	-0.3644
27.86	-50.21	-0.2992
27.88	-51.36	-0.2016
27.9	-52.13	-0
27.92	-53.22	-0
27.94	-53.93	-0
27.96	-54.52	-0
27.98	-55.36	-0
28	-55.83	-0
28.02	-56.5	-0
28.04	-56.91	-0
28.06	-57.29	-0
28.08	-57.76	0.02253
28.1	-58.03	0.06593
28.12	-58.39	0.1039
28.14	-58.59	0.1473
28.16	-58.76	0.1745
28.18	-58.93	0.2016
28.2	-58.97	0.2179
28.22	-58.94	0.2179
28.24	-58.85	0.2179
28.26	-58.72	0.2179
28.28	-58.45	0.2179
28.3	-58.23	0.2287
28.32	-58.01	0.2287
28.34	-57.57	0.2342
28.36	-57.26	0.245
28.38	-56.72	0.2613
28.4	-56.35	0.283
28.42	-55.91	0.3101
28.44	-55.29	0.3155
28.46	-54.79	0.3427
28.48	-53.98	0.3535
28.5	-53.42	0.3589
28.52	-52.46	0.3698
28.54	-51.81	0.3807
28.56	-51.13	0.3807
28.58	-50.09	0.3807
28.6	-49.33	0.3807
28.62	-48.22	0.3807
28.64	-47.45	0.3807
28.66	-46.67	0.3861
28.68	-45.51	0.3861
28.7	-44.7	0.3861
28.72	-43.54	0.3861
28.74	-42.76	0.3861
28.76	-41.95	0.3861
28.78	-40.79	0.3861
28.8	-40	0.3861
28.82	-38.82	0.3861
28.84	-38.09	0.3861
28.86	-37.31	0.3861
28.88	-36.19	0.3861
28.9	-35.43	0.3861
28.92	-34.33	0.3861
28.94	-33.59	0.3861
28.96	-32.86	0.3861
28.98	-31.81	0.3861
29	-31.1	0.3861
29.02	-30.04	0.3861
29.04	-29.38	0.3861
29.06	-28.69	0.3861
29.08	-27.7	0.3861
29.1	-27.04	0.3969
29.12	-26.08	0.4078
29.14	-25.44	0.4241
29.16	-24.82	0.4241
29.18	-23.87	0.4241
29.2	-23.25	0.4241
29.22	-22.29	0.4241
29.24	-21.65	0.4241
29.26	-21	0.4241
29.28	-20.08	0.4241
29.3	-19.44	0.4241
29.32	-18.81	0.4241
29.34	-17.86	0.4241
29.36	-17.22	0.4241
29.38	-16.25	0.4241
29.4	-15.63	0.4241
29.42	-15	0.4241
29.44	-14.04	0.4241
29.46	-13.43	0.4241
29.48	-12.43	0.4349
29.5	-11.8	0.4349
29.52	-10.84	0.4349
29.54	-10.18	0.4349
29.56	-9.542	0.4349
29.58	-8.57	0.4349
29.6	-7.899	0.4349
29.62	-6.91	0.4349
29.64	-6.24	0.4132
29.66	-5.565	0.3861
29.68	-4.543	0.3589
29.7	-3.846	0.3155
29.72	-2.841	0.283
29.74	-2.19	0.2016
29.76	-1.552	0.1473
29.78	-0.6503	0.06052
29.8	-0.09198	0.01167
29.82	0.41	-0
29.84	1.071	-0
29.86	1.435	-0
29.88	1.846	-0
29.9	2.094	-0
29.92	2.395	-0
29.94	2.546	-0
29.96	2.699	-0
29.98	2.859	-0
30	2.959	-0
30.02	3.044	-0
30.04	3.086	-0
30.06	3.105	-0
30.08	3.122	-0
30.1	3.103	-0
30.12	3.102	-0
30.14	3.037	-0
30.16	3.018	-0
30.18	2.932	-0
30.2	2.898	-0
30.22	2.834	-0
30.24	2.736	-0
30.26	2.669	-0
30.28	2.578	-0
30.3	2.515	-0
30.32	2.443	-0
30.34	2.329	-0
30.36	2.241	-0
30.38	2.117	-0
30.4	2.024	-0
30.42	1.929	-0
30.44	1.792	-0
30.46	1.69	-0
30.48	1.525	-0
30.5	1.413	-0
30.52	1.261	-0
30.54	1.156	-0
30.56	1.036	-0
30.58	0.8902	-0
30.6	0.7825	-0
30.62	0.6458	-0
30.64	0.5363	-0
30.66	0.4587	-0
30.68	0.2847	-0
30.7	0.1877	-0
30.72	0.08131	-0
30.74	-0.08058	-0
30.76	-0.1878	-0
30.78	-0.3213	-0
30.8	-0.4167	-0
30.82	-0.5472	-0
30.84	-0.6327	-0
30.86	-0.7144	-0
30.88	-0.8113	-0
30.9	-0.9081	-0
30.92	-0.9808	-0
30.94	-1.054	-0
30.96	-1.152	-0
30.98	-1.247	-0
31	-1.313	-0
31.02	-1.416	-0
31.04	-1.465	-0
31.06	-1.526	-0
31.08	-1.568	-0
31.1	-1.621	-0
31.12	-1.653	-0
31.14	-1.709	-0
31.16	-1.746	-0
31.18	-1.759	-0
31.2	-1.811	-0
31.22	-1.791	-0
31.24	-1.858	-0
31.26	-1.834	-0
31.28	-1.871	-0
31.3	-1.881	-0
31.32	-1.907	-0
31.34	-1.855	-0
31.36	-1.884	-0
31.38	-1.851	-0
31.4	-1.829	-0
31.42	-1.836	-0
31.44	-1.768	-0
31.46	-1.751	-0
31.48	-1.631	-0
31.5	-1.587	-0
31.52	-1.466	-0
31.54	-1.26	-0
31.56	-1.155	-0
31.58	-0.8428	-0
31.6	-0.7068	-0
31.62	-0.5362	-0
31.64	-0.3543	-0
31.66	-0.1573	-0
31.68	0.05512	-0
31.7	0.1756	-0
31.72	0.3381	-0
31.74	0.4358	-0
31.76	0.5323	-0
31.78	0.6154	-0
31.8	0.6594	-0
31.82	0.6963	-0
31.84	0.722	-0
31.86	0.7285	-0
31.88	0.7535	-0
31.9	0.7732	-0
31.92	0.7772	-0
31.94	0.7746	-0
31.96	0.7799	-0
31.98	0.7867	-0
32	0.8088	-0
32.02	0.8118	-0
32.04	0.8172	-0
32.06	0.819	-0
32.08	0.8192	-0
32.1	0.8143	-0
32.12	0.7951	-0
32.14	0.7825	-0
32.16	0.7625	-0
32.18	0.7395	-0
32.2	0.7225	-0
32.22	0.7129	-0
32.24	0.6904	-0
32.26	0.6926	-0
32.28	0.653	-0
32.3	0.646	-0
32.32	0.6437	-0
32.34	0.6399	-0
32.36	0.6167	-0
32.38	0.6134	-0
32.4	0.6236	-0
32.42	0.6181	-0
32.44	0.6312	-0
32.46	0.63	-0
32.48	0.6324	-0
32.5	0.6577	-0
32.52	0.672	-0
32.54	0.7263	-0
32.56	0.7426	-0
32.58	0.7996	-0
32.6	0.808	-0
32.62	0.866	-0
32.64	0.9329	-0
32.66	0.9824	-0
32.68	1.064	-0
32.7	1.107	-0
32.72	1.159	-0
32.74	1.237	-0
32.76	1.295	-0
32.78	1.38	-0
32.8	1.431	-0
32.82	1.491	-0
32.84	1.548	-0
32.86	1.608	0.006243
32.88	1.686	0.02253
32.9	1.728	0.04966
32.92	1.806	0.06052
32.94	1.848	0.06052
32.96	1.887	0.06052
32.98	1.949	0.06593
33	2.032	0.07679
33.02	2.112	0.08765
33.04	2.233	0.09306
33.06	2.315	0.131
33.08	2.485	0.1473
33.1	2.587	0.1853
33.12	2.776	0.1907
33.14	2.925	0.2124
33.16	3.104	0.245
33.18	3.462	0.2993
33.2	3.723	0.3155
33.22	3.966	0.3264
33.24	4.431	0.3264
33.26	4.779	0.3372
33.28	5.368	0.3372
33.3	5.807	0.3372
33.32	6.238	0.3427
33.34	6.925	0.3535
33.36	7.418	0.3535
33.38	8.141	0.3589
33.4	8.663	0.3698
33.42	9.456	0.3861
33.44	10	0.3861
33.46	10.54	0.3861
33.48	11.44	0.3969
33.5	12.02	0.4078
33.52	12.94	0.4078
33.54	13.56	0.4078
33.56	14.2	0.4078
33.58	15.18	0.4132
33.6	15.83	0.4132
33.62	16.5	0.4241
33.64	17.51	0.4241
33.66	18.24	0.4349
33.68	19.26	0.4403
33.7	20.03	0.4512
33.72	21.09	0.4512
33.74	21.87	0.462
33.76	22.6	0.462
33.78	23.8	0.462
33.8	24.58	0.4675
33.82	25.4	0.4675
33.84	26.61	0.4675
33.86	27.44	0.4675
33.88	28.69	0.4675
33.9	29.52	0.4675
33.92	30.79	0.4783
33.94	31.64	0.4837
33.96	32.5	0.4837
33.98	33.78	0.4837
34	34.65	0.4837
34.02	35.5	0.4837
34.04	36.84	0.4837
34.06	37.7	0.4675
34.08	39.04	0.4403
34.1	39.92	0.3535
34.12	40.8	0.2613
34.14	42.14	0.1039
34.16	42.98	0.01167
34.18	44.13	-0
34.2	44.8	-0
34.22	45.66	-0
34.24	46.13	-0
34.26	46.53	-0
34.28	47.07	-0
34.3	47.39	-0
34.32	47.68	-0
34.34	48.05	-0.02251
34.36	48.26	-0.04964
34.38	48.44	-0.06591
34.4	48.66	-0.08763
34.42	48.77	-0.09847
34.44	48.88	-0.1093
34.46	48.89	-0.131
34.48	48.83	-0.1799
34.5	48.77	-0.2395
34.52	48.68	-0.2613
34.54	48.48	-0.2775
34.56	48.28	-0.283
34.58	47.84	-0.2884
34.6	47.49	-0.2884
34.62	46.93	-0.2992
34.64	46.51	-0.2992
34.66	46.07	-0.2992
34.68	45.37	-0.2992
34.7	44.86	-0.3047
34.72	44.1	-0.3047
34.74	43.55	-0.3101
34.76	43	-0.3101
34.78	42.13	-0.321
34.8	41.54	-0.321
34.82	40.93	-0.321
34.84	39.97	-0.3264
34.86	39.33	-0.3318
34.88	38.33	-0.3318
34.9	37.68	-0.3427
34.92	37	-0.3481
34.94	35.98	-0.3644
34.96	35.3	-0.3806
34.98	34.23	-0.4023
35	33.52	-0.4078
35.02	32.82	-0.4132
35.04	31.73	-0.4132
35.06	30.96	-0.4295
35.08	29.8	-0.4295
35.1	29.03	-0.4295
35.12	28.2	-0.4295
35.14	27.03	-0.4295
35.16	26.21	-0.4349
35.18	25.01	-0.4457
35.2	24.18	-0.4512
35.22	23.35	-0.4675
35.24	22.12	-0.5
35.26	21.28	-0.5
35.28	20.01	-0.5
35.3	19.15	-0.5
35.32	18.29	-0.5
35.34	16.95	-0.5
35.36	16.04	-0.5
35.38	14.7	-0.5
35.4	13.79	-0.5
35.42	12.86	-0.5
35.44	11.5	-0.5
35.46	10.57	-0.5
35.48	9.193	-0.5
35.5	8.255	-0.5
35.52	7.352	-0.5
35.54	5.947	-0.5
35.56	5.049	-0.5
35.58	3.653	-0.5
35.6	2.718	-0.5
35.62	1.805	-0.5
35.64	0.4055	-0.5
35.66	-0.5099	-0.5
35.68	-1.887	-0.5
35.7	-2.801	-0.5
35.72	-4.164	-0.5
35.74	-5.082	-0.5
35.76	-5.997	-0.5
35.78	-7.345	-0.5
35.8	-8.251	-0.5
35.82	-9.155	-0.5
35.84	-10.5	-0.5
35.86	-11.41	-0.5
35.88	-12.73	-0.5
35.9	-13.61	-0.5
35.92	-14.49	-0.5
35.94	-15.82	-0.5
35.96	-16.69	-0.5
35.98	-17.99	-0.5
36	-18.88	-0.5
36.02	-19.75	-0.5
36.04	-21.05	-0.5
36.06	-21.92	-0.5
36.08	-23.2	-0.5
36.1	-24.05	-0.5
36.12	-24.9	-0.5
36.14	-26.17	-0.5
36.16	-26.99	-0.5
36.18	-28.25	-0.5
36.2	-29.08	-0.5
36.22	-30.31	-0.5
36.24	-31.14	-0.5
36.26	-31.96	-0.5
36.28	-33.23	-0.5
36.3	-34.04	-0.5
36.32	-34.86	-0.5
36.34	-36.06	-0.5
36.36	-36.89	-0.5
36.38	-38.1	-0.5
36.4	-38.92	-0.5
36.42	-40.15	-0.5
36.44	-40.97	-0.5
36.46	-41.79	-0.5
36.48	-42.59	-0.4892
36.5	-43.8	-0.4295
36.52	-45.06	-0.3481
36.54	-45.85	-0.1582
36.56	-46.64	-0.006227
36.58	-47.8	-0
36.6	-48.49	0.006243
36.62	-49.1	0.1907
36.64	-49.79	0.3264
36.66	-50.23	0.4675
36.68	-50.8	0.5
36.7	-51.06	0.5
36.72	-51.13	0.5
36.74	-51.04	0.5
36.76	-50.78	0.5
36.78	-50.26	0.5
36.8	-49.89	0.5
36.82	-49.13	0.5
36.84	-48.57	0.5
36.86	-47.96	0.5
36.88	-47.3	0.5
36.9	-46.18	0.5
36.92	-45.42	0.5
36.94	-44.18	0.5
36.96	-43.31	0.5
36.98	-41.93	0.5
37	-41	0.5
37.02	-40.05	0.5
37.04	-38.56	0.4783
37.06	-37.55	0.4403
37.08	-36.01	0.4241
37.1	-34.97	0.3264
37.12	-33.93	0.2179
37.14	-32.4	0.06052
37.16	-31.44	-0
37.18	-29.98	-0
37.2	-29.14	-0
37.22	-28.38	-0
37.24	-27.23	-0
37.26	-26.57	-0.1093
37.28	-25.59	-0.2341
37.3	-25.01	-0.3644
37.32	-24.23	-0.4078
37.34	-23.83	-0.4566
37.36	-23.55	-0.5
37.38	-23.43	-0.5
37.4	-23.43	-0.5
37.42	-23.48	-0.5
37.44	-23.85	-0.5
37.46	-24.19	-0.5
37.48	-24.73	-0.5
37.5	-25.18	-0.5
37.52	-25.7	-0.5
37.54	-26.55	-0.5
37.56	-27.18	-0.5
37.58	-28.21	-0.5
37.6	-28.94	-0.5
37.62	-30.14	-0.5
37.64	-30.96	-0.5
37.66	-31.82	-0.3806
37.68	-33.17	-0.283
37.7	-34.08	-0.09847
37.72	-35.04	-0
37.74	-36.37	-0
37.76	-37.18	-0
37.78	-38.21	-0
37.8	-38.84	-0
37.82	-39.77	0.03337
37.84	-40.34	0.1365
37.86	-40.88	0.283
37.88	-41.62	0.3372
37.9	-42.11	0.3861
37.92	-42.62	0.4078
37.94	-42.73	0.4512
37.96	-42.79	0.5
37.98	-42.81	0.5
38	-42.69	0.5
38.02	-42.51	0.5
38.04	-42.09	0.5
38.06	-41.7	0.5
38.08	-41.05	0.4837
38.1	-40.56	0.4349
38.12	-40.01	0.3698
38.14	-39.13	0.1907
38.16	-38.5	0.04966
38.18	-37.51	-0
38.2	-36.88	-0
38.22	-36.26	-0
38.24	-35.63	-0
38.26	-35.29	-0
38.28	-34.67	-0
38.3	-34.31	-0.01166
38.32	-33.82	-0.05507
38.34	-33.49	-0.1527
38.36	-33.2	-0.2124
38.38	-32.79	-0.245
38.4	-32.55	-0.2613
38.42	-32.34	-0.283
38.44	-32.3	-0.3047
38.46	-32.34	-0.3535
38.48	-32.45	-0.3915
38.5	-32.58	-0.4132
38.52	-32.76	-0.4132
38.54	-33.12	-0.4132
38.56	-33.45	-0.3861
38.58	-34.02	-0.3101
38.6	-34.47	-0.1202
38.62	-34.93	-0
38.64	-35.66	-0
38.66	-36.16	-0
38.68	-36.78	-0
38.7	-37.11	0.04966
38.72	-37.65	0.1148
38.74	-38	0.1745
38.76	-38.33	0.2179
38.78	-38.82	0.2884
38.8	-39.06	0.3372
38.82	-39.29	0.4078
38.84	-39.37	0.4512
38.86	-39.4	0.5
38.88	-39.32	0.5
38.9	-39.2	0.5
38.92	-38.97	0.5
38.94	-38.52	0.5
38.96	-38.15	0.5
38.98	-37.74	0.5
39	-37.04	0.5
39.02	-36.53	0.3427
39.04	-35.68	0.1636
39.06	-35.09	-0
39.08	-34.14	-0
39.1	-33.5	-0
39.12	-33.08	-0
39.14	-32.5	-0
39.16	-32.03	-0
39.18	-31.48	-0.03336
39.2	-31.12	-0.06591
39.22	-30.73	-0.1093
39.24	-30.25	-0.1527
39.26	-29.94	-0.2341
39.28	-29.55	-0.2884
39.3	-29.33	-0.3427
39.32	-29.11	-0.3535
39.34	-28.91	-0.3861
39.36	-28.94	-0.3861
39.38	-29.06	-0.424
39.4	-29.18	-0.4566
39.42	-29.43	-0.5
39.44	-29.82	-0.5
39.46	-30.15	-0.5
39.48	-30.78	-0.5
39.5	-31.25	-0.5
39.52	-31.79	-0.5
39.54	-32.68	-0.5
39.56	-33.31	-0.5
39.58	-34.32	-0.5
39.6	-35.03	-0.5
39.62	-35.77	-0.5
39.64	-36.91	-0.5
39.66	-37.7	-0.5
39.68	-38.93	-0.5
39.7	-39.78	-0.5
39.72	-40.64	-0.5
39.74	-41.95	-0.5
39.76	-42.83	-0.5
39.78	-44.2	-0.5
39.8	-45.09	-0.5
39.82	-46.02	-0.5
39.84	-47.4	-0.5
39.86	-48.33	-0.5
39.88	-49.75	-0.4675
39.9	-50.68	-0.3806
39.92	-51.62	-0.2884
39.94	-53.03	-0.08763
39.96	-53.93	-0
39.98	-55.25	-0
40	-56.04	-0
40.02	-56.64	0.02253
40.04	-57.4	0.1039
40.06	-57.95	0.2179
40.08	-58.58	0.283
40.1	-58.96	0.3264
40.12	-59.26	0.3427
40.14	-59.47	0.3589
40.16	-59.54	0.3698
40.18	-59.5	0.3861
40.2	-59.35	0.3861
40.22	-59.17	0.3861
40.24	-58.8	0.3861
40.26	-58.48	0.3861
40.28	-57.9	0.3861
40.3	-57.47	0.3861
40.32	-56.74	0.3969
40.34	-56.23	0.3969
40.36	-55.66	0.3969
40.38	-54.75	0.3969
40.4	-54.12	0.3969
40.42	-53.09	0.3969
40.44	-52.39	0.3969
40.46	-51.69	0.4078
40.48	-50.57	0.4078
40.5	-49.79	0.4078
40.52	-49.03	0.4078
40.54	-47.86	0.4078
40.56	-47.07	0.4078
40.58	-45.84	0.4078
40.6	-45.04	0.4078
40.62	-44.21	0.4078
40.64	-43	0.4078
40.66	-42.18	0.4078
40.68	-40.95	0.4132
40.7	-40.15	0.4132
40.72	-39.34	0.4132
40.74	-38.13	0.4132
40.76	-37.31	0.4132
40.78	-36.08	0.4132
40.8	-35.29	0.4132
40.82	-34.5	0.4132
40.84	-33.3	0.4132
40.86	-32.51	0.4132
40.88	-31.34	0.4132
40.9	-30.55	0.4132
40.92	-29.75	0.4132
40.94	-28.58	0.4132
40.96	-27.81	0.4132
40.98	-26.64	0.4132
41	-25.86	0.4132
41.02	-25.09	0.4132
41.04	-23.92	0.4132
41.06	-23.15	0.4132
41.08	-21.98	0.4132
41.1	-21.19	0.4132
41.12	-20.41	0.4132
41.14	-19.27	0.4132
41.16	-18.47	0.4132
41.18	-17.31	0.4132
41.2	-16.53	0.4132
41.22	-15.76	0.4132
41.24	-14.59	0.4132
41.26	-13.78	0.4132
41.28	-12.61	0.4132
41.3	-11.83	0.4132
41.32	-10.65	0.4132
41.34	-9.855	0.4132
41.36	-9.069	0.4132
41.38	-7.904	0.4132
41.4	-7.108	0.4132
41.42	-5.932	0.4132
41.44	-5.188	0.4132
41.46	-4.409	0.3969
41.48	-3.27	0.3807
41.5	-2.491	0.3698
41.52	-1.76	0.3589
41.54	-0.6381	0.3535
41.56	0.08364	0.3372
41.58	1.181	0.3101
41.6	1.852	0.2613
41.62	2.881	0.1907
41.64	3.518	0.1582
41.66	4.16	0.04966
41.68	5.06	-0
41.7	5.543	-0
41.72	6.027	-0
41.74	6.64	-0
41.76	6.956	-0
41.78	7.396	-0
41.8	7.648	-0
41.82	7.852	-0
41.84	8.134	-0
41.86	8.296	-0
41.88	8.488	-0
41.9	8.567	-0
41.92	8.703	-0
41.94	8.762	-0
41.96	8.815	-0
41.98	8.875	-0
42	8.911	-0
42.02	8.931	-0
42.04	8.939	-0
42.06	8.954	-0
42.08	8.941	-0
42.1	8.951	-0
42.12	8.936	-0
42.14	8.935	-0
42.16	8.93	-0
42.18	8.884	-0
42.2	8.887	-0
42.22	8.854	-0
42.24	8.829	-0
42.26	8.793	-0
42.28	8.766	-0
42.3	8.737	-0
42.32	8.712	-0
42.34	8.66	-0
42.36	8.653	-0
42.38	8.606	-0
42.4	8.589	-0
42.42	8.545	-0
42.44	8.501	-0
42.46	8.466	-0
42.48	8.426	-0
42.5	8.392	-0
42.52	8.354	-0
42.54	8.321	-0
42.56	8.29	-0
42.58	8.241	-0
42.6	8.169	-0
42.62	8.095	-0
42.64	8.032	-0
42.66	7.995	-0
42.68	7.882	-0
42.7	7.818	-0
42.72	7.706	-0
42.74	7.619	-0
42.76	7.536	-0
42.78	7.389	-0
42.8	7.297	-0
42.82	7.187	-0
42.84	7.057	-0
42.86	6.965	-0
42.88	6.821	-0
42.9	6.701	-0
42.92	6.602	-0
42.94	6.482	-0
42.96	6.395	-0
42.98	6.291	-0
43	6.248	-0
43.02	6.197	-0
43.04	6.173	-0
43.06	6.158	-0
43.08	6.15	-0
43.1	6.164	-0
43.12	6.17	-0
43.14	6.224	-0
43.16	6.242	-0
43.18	6.318	-0
43.2	6.377	-0
43.22	6.423	-0
43.24	6.503	-0
43.26	6.568	-0
43.28	6.654	-0
43.3	6.695	-0
43.32	6.778	-0
43.34	6.859	-0
43.36	6.92	-0
43.38	7.034	-0
43.4	7.082	-0
43.42	7.14	-0
43.44	7.215	-0
43.46	7.271	-0
43.48	7.355	-0
43.5	7.401	-0
43.52	7.435	-0
43.54	7.523	-0
43.56	7.556	-0
43.58	7.644	-0
43.6	7.689	-0
43.62	7.732	-0
43.64	7.788	-0
43.66	7.819	-0
43.68	7.882	-0
43.7	7.925	-0
43.72	7.981	-0
43.74	8.041	-0
43.76	8.073	-0
43.78	8.153	-0
43.8	8.194	-0
43.82	8.244	-0
43.84	8.309	-0
43.86	8.363	-0
43.88	8.441	-0
43.9	8.501	-0
43.92	8.554	-0
43.94	8.624	-0
43.96	8.689	-0
43.98	8.761	-0
44	8.818	-0
44.02	8.877	-0
44.04	8.929	-0
44.06	8.98	-0
44.08	9.048	-0
44.1	9.088	-0
44.12	9.128	-0
44.14	9.189	-0
44.16	9.235	-0
44.18	9.258	-0
44.2	9.298	-0
44.22	9.321	-0
44.24	9.381	-0
44.26	9.4	-0
44.28	9.438	-0
44.3	9.461	-0
44.32	9.495	-0
44.34	9.535	-0
44.36	9.561	-0
44.38	9.601	-0
44.4	9.637	-0
44.42	9.659	-0
44.44	9.704	-0
44.46	9.737	-0
44.48	9.777	-0
44.5	9.808	-0
44.52	9.839	-0
44.54	9.877	-0
44.56	9.919	-0
44.58	9.964	-0
44.6	10	-0
44.62	10.03	-0
44.64	10.08	-0
44.66	10.11	-0
44.68	10.16	-0
44.7	10.19	-0
44.72	10.23	-0
44.74	10.27	-0
44.76	10.3	-0
44.78	10.34	-0
44.8	10.36	-0
44.82	10.38	-0
44.84	10.4	-0
44.86	10.44	-0
44.88	10.45	-0
44.9	10.51	-0
44.92	10.49	-0
44.94	10.51	-0
44.96	10.55	-0
44.98	10.55	-0
45	10.58	-0
45.02	10.61	-0
45.04	10.63	-0
45.06	10.64	-0
45.08	10.66	-0
45.1	10.68	-0
45.12	10.73	-0
45.14	10.75	-0
45.16	10.79	-0
45.18	10.83	-0
45.2	10.86	-0
45.22	10.94	-0
45.24	10.98	-0
45.26	10.99	-0
45.28	11.07	-0
45.3	11.12	-0
45.32	11.15	-0
45.34	11.23	-0
45.36	11.23	-0
45.38	11.27	-0
45.4	11.31	-0
45.42	11.32	-0
45.44	11.37	-0
45.46	11.32	-0
45.48	11.34	-0
45.5	11.33	-0
45.52	11.27	-0
45.54	11.23	-0
45.56	11.17	-0
45.58	11.1	-0
45.6	10.98	-0
45.62	10.8	-0
45.64	10.65	-0
45.66	11.19	-0
45.68	11.09	-0
45.7	11.3	-0
45.72	11.76	-0
45.74	12.21	-0
45.76	12.88	-0
45.78	13.47	-0
45.8	14.11	-0
45.82	13.95	-0
45.84	14.92	-0
45.86	15.67	-0
45.88	16.13	-0
45.9	16.18	-0
45.92	15.71	-0
45.94	16.09	-0
45.96	15.76	-0
45.98	16.19	-0
46	16.03	-0
46.02	15.95	-0
46.04	16.07	-0
46.06	16.07	-0
46.08	15.99	-0
46.1	16.09	-0
46.12	16.01	-0
46.14	16.01	-0
46.16	16.06	-0
46.18	15.99	-0
46.2	16.05	-0
46.22	16.02	-0
46.24	16.02	-0
46.26	16.06	-0
46.28	15.99	-0
46.3	16.01	-0
46.32	16.03	-0
46.34	16.01	-0
46.36	16.05	-0
46.38	16.02	-0
46.4	16.02	-0
46.42	16.05	-0
46.44	16.02	-0
46.46	16.02	-0
46.48	16.01	-0
46.5	16.02	-0
46.52	16.03	-0
46.54	16.02	-0
46.56	16.03	-0
46.58	16.03	-0
46.6	16.02	-0
46.62	16.01	-0
46.64	16.02	-0
46.66	16.03	-0
46.68	16.03	-0
46.7	16.01	-0
46.72	16.04	-0
46.74	16.01	-0
46.76	16.01	-0
46.78	16.03	-0
46.8	16.02	-0
46.82	16.01	-0
46.84	16.01	-0
46.86	16.02	-0
46.88	16.01	-0
46.9	16.01	-0
46.92	16.03	-0
46.94	16.01	-0
46.96	16.02	-0
46.98	16.03	-0
47	16.01	-0
47.02	16.01	-0
47.04	16.01	-0
47.06	16.01	-0
47.08	16.03	-0
47.1	16.01	-0
47.12	16.01	-0
47.14	16.03	-0
47.16	16.02	-0
47.18	16.01	-0
47.2	16.01	-0
47.22	16.02	-0
47.24	16.03	-0
47.26	16.01	-0
47.28	16.04	-0
47.3	16.04	-0
47.32	16.03	-0
47.34	16.02	-0
47.36	16.03	-0
47.38	16.04	-0
47.4	16.03	-0
47.42	16.02	-0
47.44	16.04	-0
47.46	16.04	-0
47.48	16.01	-0
47.5	16.03	-0
47.52	16.03	-0
47.54	16.03	-0
47.56	16.02	-0
47.58	16.02	-0
47.6	16.03	-0
47.62	16.04	-0
47.64	16.02	-0
47.66	16.01	-0
47.68	16.02	-0
47.7	16.03	-0
47.72	16.02	-0
47.74	16.03	-0
47.76	16.03	-0
47.78	16.01	-0
47.8	16.03	-0
47.82	16.03	-0
47.84	16.03	-0
47.86	16.03	-0
47.88	16.03	-0
47.9	16.03	-0
